16.816874907246138
7.7222499805706235
6.205855436297269
5.540109385554366
4.874034276856626
4.36762947660841
3.9313776103817686
3.880697538136741
3.5739823791793066
3.2349696333137268
3.1126356430721005
3.55514960108276
3.0069466777167584
2.7224747787064087
2.6262488191398865
2.4930428429873275
2.483377708290478
2.935558453245691
2.673704309991775
2.4063301281053193
2.6523371980072112
2.4405410338421256
2.1962332079083855
2.069829418429828
2.062441321225625
2.694187188287518
2.5134801642192697
2.156593235866669
1.9437306671031362
1.8828006013141776
1.8549837009552268
2.6264136216383287
2.28067573374979
1.9582387229791536
1.9149698474316834
1.7882337464188
1.7583680291912647
1.852031938883723
1.8677234482834708
1.8900540330319642
1.8840836720980987
1.8990873174834182
2.737790727059278
2.082664323617696
1.7864438809736825
1.64714556880317
1.5774365465425542
1.608717250754465
1.6345326233188195
1.6980394378695474
1.7620488168894375
1.815780704640091
1.7965943107799607
2.5006009611374433
2.1075240870606446
1.699627448448982
1.5114350214644006
1.465804844138921
1.4851189931697122
1.5167576939997103
1.626881829156125
1.7173991349278663
1.7249223476943747
1.6729455512049594
1.6841477065322699
1.678473205677622
1.6220567532252987
1.601724215568676
2.333086130917941
2.009954191157839
1.671205431657352
1.4739654557697974
1.371810609675705
1.3261602898033298
1.3463497627580827
1.4622894807042603
1.5598661225321688
1.5982840002104424
1.8126908165372844
2.2833816240549782
1.7655418923575399
1.4876667163809951
1.3488661672909128
1.3076541833905366
1.3239028040243654
1.386743993175273
1.4347535722804834
1.5332112962233428
1.5767284565694826
1.5626359517650772
1.5405451372135486
1.4891662882646388
1.5047208181970668
1.525283714772661
2.093643977760226
1.9838187548579003
1.562758788075461
1.343469363607401
1.2606503973896928
1.2425328997064262
