16.281594838004516
7.23907369303416
6.29146011335304
5.785401818263962
5.390304451247296
5.053876478988004
4.754924805049437
4.397399682596506
4.164001056946904
3.990804611918438
3.8034301673073365
3.607450544834137
3.473360121968281
3.3023507049284784
3.183028893298413
3.0028310935181306
2.9341376237122407
3.041045818702284
2.862412693988846
2.824676083513053
2.756189399454967
2.5544710065945084
2.4674314332295615
2.5335132687924857
2.5475266496819184
2.6221085837088434
2.462547601705574
2.2330081936824753
2.074121484555394
2.0902133307543145
2.9998097627995963
2.435431124934231
2.064046946275665
1.887011345251497
1.8297930399337448
1.8596816066517887
1.893525965960629
2.598465662404715
2.501335523214685
1.9853910035397633
1.7816621847899563
1.6840113142886795
1.6794147538133415
1.7367900390940976
2.7247959878071244
2.2806107868631202
1.840029997279845
1.6503953168909233
1.5760984320238411
1.5922526767454952
1.6702484524393657
1.7969336024968021
2.6426168755594506
2.2538238860756517
1.78143870579191
1.5555483332599502
1.465285499052829
1.4670355682631573
1.6842230795377708
1.7416648042489247
1.7527420847530824
2.3944579991231483
2.2152039598987763
1.9005828410027974
1.5643736949886184
1.4111518705465707
1.3651195039232094
1.4225270687097527
1.5117126678127841
1.5981785270823055
2.389240035450602
1.9135591147175754
1.5666153068283954
1.41502210138792
1.3586898492761406
1.3874543007597866
1.4811683724443596
1.5571893284837883
2.329805429082319
1.8574967007321048
1.513609247753419
1.3564764889607948
1.317566970744765
1.381709302405277
1.4632041145520038
1.55138744180461
1.6117569114788468
2.152224847710276
2.027505056685712
1.5691731694232987
1.357733313936785
1.2640199715114502
1.2632080673812383
1.3565175472253777
1.4407835706888912
1.5376659778945416
2.375697050108967
1.7182087244757687
1.4303279292870716
1.2888881580298206
16.28904137123062
7.432525752538658
6.378219052969691
5.767986668161599
5.364891530519508
4.978580540921315
4.66165587772806
4.3827127692211105
4.139296949627888
3.8721924991492767
3.6427245714578285
3.5708012106906937
3.4359627761036515
3.2178240023463607
3.0090326738644797
2.9989939195563995
2.950731239405023
2.775757722825889
2.628209845847394
2.582318799323346
2.4071256676352166
2.8759010391063002
2.7996466044920036
2.4139566443052636
2.157995555415211
2.038942085332181
2.0272190671369255
2.1946972777326423
3.25659074625337
2.5268338265189207
2.0859668337437043
1.8801953724349838
1.803219939211765
1.8209282526050705
2.541490172406277
2.718170269426093
2.2391810417175293
1.9772082315870079
1.7714641532265996
1.6867659957294006
1.6920896815248283
1.7489284639617046
2.788457547325686
2.3547768029103797
1.8620909646332982
1.6618924406637627
1.5784427918583515
1.5991431858884282
1.6742091573864581
1.7560975469020477
1.8648631734302246
2.6238405912755485
1.990919974554016
1.6796816181705658
1.5443072365709098
1.4952261304280845
1.5399216032889953
1.6559711468507008
1.8210191715912647
2.5790179519050094
2.084478245801236
1.6590803279934159
1.4772385768143528
1.3998447466327484
1.4241656007536923
1.5097228349691414
2.4095049421471284
1.954798371676939
1.6087014438158058
1.4278453663889183
1.3897137343883514
1.4223937410188008
1.5078792945448174
1.6061734108321637
1.6886705950082066
2.4304193581443236
1.834010766931327
1.5150202555828785
1.3599626048501716
1.2998695255043995
1.3539769908031785
1.4589105320264057
1.5691052201282547
1.6161494104258984
1.7532441885356445
2.420744979597
1.7689960638442672
1.441696157297456
1.2962551411375942
1.2359147640955017
1.3002861673573414
1.4058869556490197
1.549204055803368
1.5349588631147362
1.5416462733803025
1.5382038412323917
2.06868340595659
2.028047403657293
1.7239652566881065
1.4311039401106087
