16.811252358754476
7.361825710932414
6.562503498395284
6.014338334401448
5.647555543581645
5.379413275718689
5.038213176727295
4.72500600417455
4.533651287555695
4.256859895388286
4.082307198047638
3.9561543401082355
3.667606534163157
3.5549181787172954
3.426949581305186
3.245563717683156
3.121745200951894
3.0686871234575905
3.038252911567688
2.9140172521273295
2.7738257789611818
2.7132136472066244
2.7539564418792724
2.6431176177660625
2.5882197125752766
2.4535517207781474
2.7462350956598915
2.5704673226674397
2.279925330877304
2.1894312858581544
2.083598478237788
2.041960957845052
2.1231657433509827
3.3920760186513266
2.4287401103973387
2.046322317520777
1.8808443876107535
1.818227174282074
1.8859263443946839
2.678649972677231
2.43414644241333
2.084698405265808
1.8366625726222991
1.7531830326716105
1.7398536030451457
1.7759481656551361
2.4331995328267415
2.5881298128763834
2.10656395594279
1.8007611779371897
1.657086617151896
1.6233153613408406
1.6456521403789521
1.7371848169962565
2.2232390240828197
2.5583016761144
2.084640630086263
1.8133867506186168
1.6086439637343088
1.517389878431956
1.5356574567159016
1.6080870552857718
1.7179288828372956
1.8128916482130686
2.587642466624578
2.0732702350616456
1.718131757179896
1.529064105351766
1.4794620565573375
1.4728449141979219
1.51712424437205
1.611957213083903
2.147516142924627
2.3660350143909454
1.8138786351680756
1.560261400938034
1.4384227760632833
1.4096845197677612
1.455623083114624
1.5032788960138956
2.184171098868052
2.0848912918567657
1.6641018589337666
1.4788067758083343
1.4042313822110495
1.3968210518360138
1.4478917221228282
1.5424922581513723
1.6109355648358663
1.6729531979560852
2.470858025550842
1.9279032766819
1.576347719033559
1.4097766828536988
1.3250384100278219
1.2993631919225057
1.344483714501063
1.5068873369693756
2.3748554503917694
1.8063581919670104
