23.978200359344484
11.753260116577149
8.818036613464356
7.286625301043193
6.398657247225444
5.699713826179504
5.188230900764466
4.712727387746175
4.346222682793935
3.9940047121047972
3.7001718346277874
3.4445707909266154
3.2369969209035236
3.09444123506546
2.9609932859738666
2.841469734509786
2.758587908744812
2.7795422506332397
2.7332359019915264
2.6051643697420754
2.468552320798238
2.4360226209958395
2.466976022720337
2.693185742696126
2.534996819496155
2.327678455511729
2.146751978000005
2.0624418377876284
2.043365178902944
2.059774132966995
2.5613034931818643
2.6508886607488
2.2226444232463836
1.9691038533051808
1.850216581026713
1.8129063936074574
1.8407475848992665
1.8789531222979228
1.9219569591681163
1.9708795674641928
2.6423967937628428
2.3437008432547253
1.9245889445145925
1.7151527750492095
1.6329571644465128
1.6340574419498444
1.675852605899175
1.7300336714585622
1.7834241902828216
1.8299629175662995
1.8225946422417958
1.8250562377770743
2.1507286397616068
2.4321676389376323
1.9630702404181162
1.661558478275935
1.5174545812606812
1.4742817290623982
1.4988916424910228
1.5580893647670746
1.6387618641058603
1.709459948539734
1.7172199126084646
1.7227950080235799
1.7249399880568186
2.226960746049881
2.1465370949109395
1.752900406519572
1.5063743841648103
1.4049862349033355
1.3838481283187867
1.4290710632006327
1.501864629983902
1.5719955456256867
1.621133551200231
1.6641353154182434
1.6798285893599192
1.6795509294668833
1.6734521559874216
1.6596748133500416
2.402956837415695
1.9103624610106151
1.5857684338092803
1.3912461431821188
1.2982750940322876
1.2777176427841186
1.334561631679535
1.4080152265230814
1.4878833639621734
1.5647103881835938
1.616952915986379
1.6277224091688791
2.3632333294550576
1.867912190357844
1.4999358367919922
1.3267391709486644
1.2474120569229126
1.233974441687266
1.2834784591197967
1.3695604765415192
