17.398162371317547
7.62371190071106
6.446266810099284
5.905531579653422
5.439117552439372
5.102994701067606
4.710989565849304
4.393680800596873
4.122519880930582
3.881524913311005
3.7034499351183574
3.4878103574117025
3.2584897025426227
3.165133989651998
2.975680643717448
2.989805596669515
2.7912876772880555
2.657825513680776
2.7571422990163166
2.6056926584243776
2.7730228940645856
2.5541305939356485
2.3336155287424725
2.1584745144844053
2.1035940925280254
2.0999075118700663
2.1992862621943154
3.3938211727142336
2.710814899603526
2.196380554040273
1.9590777476628622
1.8367508351802826
1.8204582635561626
1.8432069488366445
2.1782021335760753
3.063372472127279
2.3368215783437094
1.9279775202274323
1.7507586606343588
1.6706825919946036
1.67277170976003
1.7153009287516277
1.7947252595424652
2.5671468329429628
2.6150037439664207
2.1651600869496663
1.9165717959403992
1.678757493495941
1.5582229355971018
1.5293646363417308
1.5572233120600383
1.633985868692398
1.8542108543713887
2.847676889101664
2.102229436238607
1.7033015127976736
1.5125445421536763
1.436372834444046
1.4502034672101338
1.5099392275015513
1.6075176751613618
2.4735851804415385
2.0454672344525657
1.7444154969851176
1.5257756169637045
1.4216387514273325
1.4003635156154632
1.4736935297648113
1.5521514077981313
1.64724112311999
2.3784301443894704
2.1690516793727874
1.678829383055369
1.4441283841927846
1.3344807370503744
1.313409618139267
1.3458882383505504
1.4358172965049745
1.5382740819454193
1.6733261942863464
2.3971517781416574
1.897882085641225
1.529452215830485
1.3505724708239237
1.279863997300466
1.2906693351268768
1.3572341712315876
1.4547369841734568
1.582953967253367
1.5827440710862477
1.7936434578895568
2.266610216697057
1.6619360407193502
1.402728230158488
1.2734305461247761
1.232121048172315
1.2320519105593364
1.306437112490336
1.3775885355472566
1.5295367658138275
