20.811571718851724
9.548758859634399
7.427047321001688
6.3437391869227095
5.611305352846782
5.013146658738454
4.578211189905803
4.136827909151713
3.8379224141438804
3.5558314029375713
3.3409201248486835
3.152085313796997
3.007962514559428
2.9108698836962383
2.718557931582133
2.6167981600761414
2.597710343201955
2.5500031757354735
2.771838534673055
2.760214216709137
2.4824863068262735
2.250172598361969
2.1231095576286316
2.0801058240731556
2.1015703340371448
2.937434815565745
2.7641552861531578
2.208704086144765
1.9597871657212576
1.8492196770509084
1.811449053287506
1.8400540240605672
1.8642499764760336
1.9286355714003245
2.2187107352415723
2.7573904164632164
2.176840329170227
1.849419852097829
1.6833678559462228
1.631809144814809
1.6459622704982757
1.6811276106039683
1.7606827020645142
1.8978827246030172
2.869557586510976
2.132802485624949
1.7491998060544331
1.5522572362422944
1.4790380108356476
1.4796760173638661
1.527294838031133
1.6081304228305817
1.7034980726242066
1.714855725367864
1.7507453954219818
1.7275555916627248
1.6907366108894348
1.6492497821648915
1.6470416311422984
1.7137992990016937
1.9358750534057618
2.4135962076981863
1.8309375834465027
1.5039087013403574
1.3460714741547903
1.2882016352812449
1.2955860356489817
1.3592341546217601
1.4523767828941345
1.5582135315736134
1.592392290433248
1.6374513558546702
1.5877965474128723
2.219006757736206
1.9641313636302948
1.713348413705826
1.408686294555664
1.261728094816208
1.200439810156822
1.1972479846080144
1.2489428780476253
1.3701613473892211
1.4992879645029704
1.5248837316036223
1.502460253238678
1.4941307187080384
1.4977968843777973
1.5106507619222005
1.48962420463562
1.4442171907424928
1.4157777070999145
1.4142530834674836
1.4230600559711457
1.4875534307956695
2.3972787535190583
1.782502094109853
1.3942591245969136
1.2020726319154103
1.1097051149606705
1.0752028383811314
