15.746856501897176
7.238675103187561
6.315191473960876
5.796759221553803
5.404182988802592
5.027238151232401
4.762391684850057
4.460062654018402
4.114999607404073
3.999313351313273
3.7311176919937132
3.494833714167277
3.420672950744629
3.250610678195953
3.2570119126637778
2.9834671529134114
2.788295279343923
2.742787756125132
2.9012461845080058
2.782989553610484
2.6883951520919798
2.413389953772227
2.276109253168106
2.176151731411616
2.8895181743303935
2.851243121623993
2.530202240943909
2.3630961855252584
2.113332527081172
1.9634808536370596
1.8968575278917947
1.899068647623062
1.9597404750188192
2.242577551603317
3.2509120297431946
2.429726027647654
2.036674755414327
1.8174802764256794
1.7208577903111775
1.7436446925004323
1.7748291452725729
1.8396479757626851
2.7696230065822602
2.4434958016872406
2.1367921976248425
1.829963626464208
1.6523317472139993
1.5975103429953257
1.6004647580782572
1.6546221383412678
1.7485055867830912
2.2129642633597055
2.59657128572464
2.0777340165774025
1.7195198849836986
1.558626301685969
1.5218211603164673
1.823492478132248
2.4125141394138336
2.0903493849436443
1.7237727963924407
1.533059012889862
1.4556668829917907
1.4303893947601318
1.514179935057958
1.5879092808564503
1.6745327178637186
1.710408916870753
1.784384586016337
2.6942341363430025
1.9472216467062633
1.5750192701816559
1.4085638320446014
1.344816841284434
1.3636395943164825
1.427932648261388
1.5024211319287617
1.6187079123655954
2.13258220911026
2.162114293575287
1.6948753142356872
1.4524945863087972
1.333586509625117
1.3184902532895406
1.373119904200236
1.4403097712993622
1.5144960316022238
1.6153875990708668
2.445115211009979
1.9523174166679382
1.534815686941147
1.3503673160076142
1.2688195431232452
1.261840552886327
1.3169972999890645
1.392298260529836
1.4658028256893159
2.09572780251503
2.1714734109242757
1.6403990777333577
1.3930049153168995
1.2628145492076874
1.20887577633063
1.2285530074437458
1.3078191836675008
1.4068254244327545
1.5270759880542755
1.6175013120969137
2.172759297688802
1.9016634090741475
1.5101801057656605
1.3087743067741393
1.2428610952695212
1.2177414214611053
1.2311521212259928
1.2960839156309765
1.4060628565152486
1.4857449813683827
1.566029955148697
1.5648802824815113
1.6154776696364086
2.420273811419805
1.7317333126068115
1.399851701259613
1.2309388873974483
1.168088747660319
1.1608620856205623
1.1781679038206736
1.276239381233851
1.3372768406073252
1.378746166229248
1.444689925511678
1.8905320541063944
1.97492556254069
1.5029912408192951
1.2876834412415823
1.1733624889453251
1.1378398444255193
1.1482833154996237
1.2388441218932469
1.380619274377823
1.4274238006273905
1.5241392322381337
1.5254150613149007
2.2156941334406537
1.7471813726425172
1.3886346566677092
1.2290310490131378
1.1396866442759832
1.1157865105072657
1.1622156516710918
1.249313300649325
1.3973788956801096
1.3855891823768616
1.3885257744789123
1.3990567406018575
1.4921318622430166
1.4536474716663361
1.445405063231786
1.4018195573488872
1.4232027737299602
1.399221795797348
1.8715930839379629
2.0920299021402995
1.6098693633079528
1.3178275167942046
1.1895014995336533
1.1388705295324326
1.1399828441937765
1.107698074777921
1.1274448959032695
1.1573992868264515
1.216130022207896
1.2534993906815848
1.3314832333723705
1.4164516965548197
1.4124173653125762
2.2861566762129466
1.7419378646214803
1.439158034324646
1.2345528558890024
1.1256060594320296
1.0825755069653193
1.0551753483215969
1.093441096742948
1.1449346735080084
1.2243142747879028
1.2951039787133534
1.9611171944936117
1.8584721032778422
1.4426087892055512
1.2244507094224295
1.1052701467275619
1.1554344020287195
1.1582090890407561
1.1079082248608272
1.1795298425356546
1.2177578735351562
1.296348025004069
1.4322387580076854
1.4756013941764832
1.3995399407545726
1.3379212868213655
1.7490895636876425
1.914947978258133
1.5101262350877127
1.2663984203338623
1.1569819738467535
1.0780995333194732
1.0385312068462371
1.0283846654494604
1.1205415681997934
1.190640392700831
1.2595223438739778
1.9834872384866078
1.7722108860810597
1.5979501350720724
1.317821467121442
1.1578082058827082
1.0602815155188243
1.0157971187432606
1.0576509801546732
1.122173373301824
1.221493383248647
1.2848000319798787
1.3247105141480764
1.3816922688484192
1.562886769771576
2.1499125361442566
1.5700257730484009
1.2851272614796956
1.1435479553540548
1.078437183300654
1.035872355500857
1.0970723708470662
1.1140867666403453
1.1569343821207683
1.9587863397598266
1.7072103901704152
1.343434929450353
1.1570655173063278
1.06312277674675
1.010435777703921
1.0572165429592133
1.1240273576974869
1.186352029244105
1.2588380948702493
1.2800854114691416
1.308476096391678
1.3493448746204377
1.3731971756617227
1.4217269639174144
1.3381179094314575
1.8369675048192342
1.720316875775655
1.346141056617101
1.1574742937088012
1.059329746166865
1.011215733885765
1.0048243447144827
1.0649782498677571
1.1206175233920415
1.14436383942763
1.1636151830355326
1.2323165154457092
1.4022304570674897
2.1235597681999208
1.7422230060895283
1.4916978589693706
1.2483179060618084
1.1247888420025507
1.0480397313833236
1.0113520161310832
1.0180243664979935
1.0300552463531494
1.1464934798081716
1.2395281708240509
1.2308212065696715
1.3046722622712452
1.930104012489319
1.7686075242360433
1.406397826274236
1.2052857051293056
1.0922829109430312
1.0225445091724397
0.9966396588087082
1.0060307856400807
1.0311368503173193
1.1019785594940186
1.187742235859235
1.3703855085372925
1.4273439065615336
1.417683749993642
1.372729802529017
1.5612482492129007
1.74776842157046
1.494761670033137
1.418683842420578
1.569583353996277
1.373942274649938
1.1800592877467473
1.0682467323541642
1.008348486026128
0.9865696694453557
0.9676661266883214
1.0355661690235138
1.1183068364858628
1.1692872973283133
1.234781006773313
1.2695441114902497
1.3185994954903921
1.356623543103536
1.45627103527387
2.059689618349075
1.6535968629519144
1.4406060147285462
1.260961666504542
1.11088652074337
1.0408143335580826
0.9851797815163931
0.9895376898845036
0.9983979280789693
1.035162151058515
1.136440637310346
1.1882885348796846
1.2323441102107366
1.3561746025085448
1.392145849466324
1.5232199068864187
1.3224393133322399
1.1768866531054178
1.2095998245477677
1.31307888507843
1.31995001633962
1.207961804072062
1.1146915926535925
1.6651601994037628
1.8872929183642069
1.3874860366185506
1.1976674900452295
1.10751464565595
1.0339021054903665
0.9971355352799097
0.9675112668673197
0.9708613741397858
1.061491572856903
1.1045659484465917
1.1736685291926066
1.2276806875069937
1.484163272579511
1.6911239945888519
1.821553527911504
1.6731410233179729
1.4083802358309427
1.1938016243775686
1.089715102116267
1.0282157049576441
0.9832798415422439
0.9577839201688767
0.9672060970465343
1.13168328444163
1.1337418019771577
1.129077264269193
1.2012339673439663
1.2841643246014913
1.3176251590251922
1.309872720638911
1.3000314478079478
1.2993449008464812
1.2640012043714524
1.3503021081288655
2.05965482989947
1.5715294619401297
1.2818820877869923
1.170891990661621
1.055424084663391
0.983319544394811
0.9709919246037801
0.9929650851090749
1.0234436478217444
1.0410720731814702
1.1081180077791215
1.2781511398156484
1.2541532719135284
1.3129867406686146
1.7230924594402313
1.6823209762573241
1.3172813626130422
1.144726699590683
1.044505899945895
0.9917479656140009
0.9572267466783524
0.9486591788132985
0.9649760512510935
1.0451132605473201
1.0902595998843512
1.2205285714070002
1.328231862783432
1.4809117503960927
2.0037455515066784
1.5667926136652628
