25.31787603378296
11.902907282511393
8.791247625350952
7.317355264027913
6.359517466227214
5.667319645881653
5.1095929479599
4.698797018527984
4.333316271305084
4.045749293168385
3.6778711446126304
3.493212254047394
3.3107852816581724
3.1089115738868713
2.974958925247192
2.870822722117106
2.7990663115183514
2.8401270373662313
2.750690310796102
2.647277282079061
2.515952308177948
2.4617837127049764
2.4210248573621116
2.3612569824854535
2.439481048583984
2.75506445646286
2.4243471654256186
2.1845330401261647
2.0744903870423634
2.022949651479721
2.006917895476023
2.0398822379112245
2.1515395204226175
2.7881274422009787
2.372487613360087
2.0285276448726655
1.840652109781901
1.7674523862202962
1.7641023516654968
1.794642296632131
1.843027017513911
1.8601224406560262
1.8649959468841553
1.8690739067395528
1.8778433517615
1.8466684794425965
1.824775889714559
1.8113970764478047
1.7955344704786937
1.7745347062746684
1.8147908735275269
2.737734319368998
2.0451251689592995
1.6945134242375692
1.5236339791615805
1.440750748316447
1.4335300473372141
1.4670514822006226
1.527128317753474
1.589197522799174
1.6358106851577758
1.6715527844429017
1.6695504701137542
1.6702959243456523
1.6410415744781495
1.6182842822869619
1.6032877429326375
1.609557644923528
1.6040933922926586
1.601763113339742
2.4381718297799426
1.994847648938497
1.5728279260794322
1.3847722438971202
1.281853032509486
1.259617022673289
1.2783561559518177
1.3285451714197796
1.4416174399852753
1.5209823683897654
1.5252213259538014
1.4938394753138224
1.4832550060749055
1.4799662319819133
1.497777351140976
1.5255423430601756
2.281381131410599
1.9076075228055318
1.5203418783346812
1.3082817606131236
1.2097571086883545
1.1737037108341852
1.1817991270621617
1.2299304286638895
1.3146503742535909
1.3798209500312806
1.4252581803003948
1.4512182176113129
1.4554046920935313
1.444765890041987
