16.966734426816306
7.309581195513408
6.317527534166972
5.751715251604716
5.322610591252645
4.9291712792714435
4.603475128014883
4.3336274480819705
4.083134303092956
3.8966177980105083
3.627040619850159
3.4400398461023967
3.268375019232432
3.1408272250493368
3.0323075596491496
3.082898099422455
2.916994366645813
2.7389259552955627
2.5939359203974406
2.6795441206296284
2.6824172846476237
2.7463133764266967
2.5949132672945656
2.3325533763567607
2.442118111451467
2.51119277715683
2.423599538008372
2.199016983906428
2.0093639306227367
2.206850545803706
2.8568034760157266
2.495958017508189
2.110751584768295
1.886842932701111
1.7767188453674316
1.7791912337144216
1.8414196149508157
1.8906368188063303
1.9455227029323579
2.7694009188810984
2.7671375028292338
2.1293738385041556
1.7942472211519878
1.639214636484782
1.5716169818242391
1.606816034714381
1.6912529730796815
2.578061949412028
2.4184472064177194
1.8761273984114328
1.642284657160441
1.544475072622299
1.5251514764626821
1.5689607453346253
2.576597410043081
2.333600068092346
1.8113698621590932
1.5746788255373636
1.4673369379838308
1.4293726456165314
1.5079761079947154
1.61542555809021
1.6928522475560506
2.069530547062556
2.54050697684288
1.9238233137130738
1.5900974782307942
1.439039568901062
