14.471151894348058
6.741709047880419
5.78805084419797
5.253461700455849
4.821442413466707
4.358823353376635
3.9599555529291104
3.6524003781698493
3.4203195305471774
3.316391425009785
2.999610022350847
2.768211612728742
2.577795164632934
2.6667147249751926
3.0788567954284756
2.7106101547066324
2.3456137234980194
2.1409556264522083
2.109702991551178
2.5098656948794607
2.9937593766133217
2.409054795103975
2.0703344403160338
1.9375437262406663
1.8684549143799396
1.9080063029483258
2.1042958474090927
3.1546767386461054
2.338063157390387
1.919431271389084
1.7459123110702865
1.6983230448725573
1.7335051113691575
1.8217010282855322
2.9889815314792973
2.1689711365112263
1.81052201866762
1.6304992522756145
1.577873022645114
1.625478568254706
1.7015071547133875
1.8077479717041496
1.885776119450785
2.555103609418459
2.0896980352593015
1.7367443734390346
1.5400844918281096
1.4797109467935425
1.5055570728799335
1.5824117650275245
2.3144123533735304
2.196434979794019
1.6939145562300368
1.475750011496011
1.3919131106838456
1.4148812478456252
1.4962975524558038
1.6232535050045112
1.707638468305156
2.295579771257745
2.0633264093481025
1.5981056030978447
1.3921717559027467
1.3084705842600168
1.4121354015645462
1.5151558093150228
1.5815156752878752
1.618564777866134
1.6224561584713124
1.6099973589096506
1.5827929953107862
2.338628407535717
1.8115340399537183
1.4559366067706
1.317778635161654
1.257128269761203
1.276267399419003
1.3656088270908782
1.5355693597165083
1.5699379269919627
1.5783590887884014
1.567786775892307
1.923140320190386
2.1268207545266793
1.625905807175404
1.4406794196896704
1.3081879363019009
1.296961856434885
1.2462387805681858
1.3075178743775049
1.390999106418096
1.4396080916112337
1.53698511349096
2.2073256597136357
1.8492899067422381
1.44412962413449
1.2734478790643906
1.1893057445741997
1.1566500457105118
1.179631681018709
