15.069886320480729
7.1950913551458076
6.213922467404421
5.6002685266616945
5.215872886785226
4.796278217708832
4.4203210899756815
4.132672633965368
3.908956236826012
3.6887659382355245
3.5058025344168575
3.3199733040791037
3.0935447289086984
3.1124081067056046
3.152343599245077
2.950445100125496
2.6637529144712144
2.5479919219747558
2.816835724211669
2.7096882404391147
2.506143376687775
2.612458133431862
2.34226493649496
2.6996014785633777
2.6246079674670293
2.2696376431287164
2.074011263741092
2.0145843776155647
2.0401189167851523
2.81221151219105
2.6005854898840606
2.210770064741788
1.9198952368707045
1.7915676729260712
1.7627911288758173
1.8293392409189166
2.755728744530744
2.5352456045017933
2.0138656797515315
1.7507684273972153
1.6526530280418714
1.6752578923297128
1.7320750201312944
1.8226183496809936
2.731011491632063
2.2871322117144017
1.933078364409444
1.7839458603048723
1.7869256641871418
1.6238831982307116
1.5831632942874452
1.652585333104253
2.489624188470973
2.0192410082538146
1.671928530283957
1.5261904442874834
1.4862016379667191
1.5480389269613621
2.0677579438785987
2.1351708738252646
1.790191741706933
1.5739474004357639
1.4823276960086025
1.4789596178405464
1.5230449949466418
1.6285975437642473
1.7434173294428663
1.770202973758942
2.0894687544336557
2.24457948486785
1.7235444462066905
1.4549356665783937
1.3368524193431675
1.3219025848967783
1.3799485927836808
1.5009064242700347
1.6042308173139779
2.417976636408431
1.7594953526361408
1.4601470447848435
1.3197175304205637
1.2826706466568545
1.3387588538167203
1.4674552582764693
1.7581790466494547
2.214356326791237
1.608926010663131
1.3762253599246563
1.2803700020054256
1.2966144284166001
1.392649981636855
1.4450036187689947
1.5219415283468773
2.1665804761365925
1.9060405187288034
1.6075075376664696
1.3490285106356097
1.238297115461408
1.212587701576998
1.2946309714596251
