5.396891689300537
1.2174538930257162
1.2256429680188496
1.2827878137429556
1.4027604087193808
1.5148729332288107
1.6041914025942485
1.9259292936325074
2.0609960333506265
1.7907044720649719
1.6637801249821982
1.4036082923412323
1.2462853682041168
1.163347538113594
1.281797173221906
1.3246277928352357
1.4222095994154613
1.449344936609268
1.434530431429545
1.450233238140742
1.4580703127384185
1.4873095746835072
1.5069654579957326
1.551662785212199
1.5132431304454803
2.3228929706414543
1.752938754161199
1.4009264520804088
1.2449594986438752
1.1522789110740026
1.0990305489301682
1.1787407161792118
1.2259667736291886
1.3602741010983785
1.3807638092835743
1.4280646069844565
1.4941641171773274
1.5969779280821483
2.1428415314356486
1.7545968111356098
1.4384852663675944
1.2334016513824464
1.1220550541083019
1.0884335986773173
1.139714658856392
1.1797253519296647
1.2783486068248748
1.3544853401184083
1.3942228603363036
1.4149726621309917
1.4389394001166025
1.4183936258157095
1.5412854174772899
2.0534824601809185
1.9709611546993255
1.6014021813869477
1.3211796228090922
1.1884080712000529
1.091964527964592
1.0888297708829244
1.0449181159337362
1.2745247455437978
1.2653587210178374
1.3936726971467337
2.1043033305803935
1.5420212431748708
1.4105404754479727
1.194155876437823
1.092442227602005
1.0555300335089366
1.0692924143870672
1.1054563230276109
1.2343012475967408
2.1211561354001365
1.701267539660136
1.3472546788056692
1.1709175284703572
1.0865697701772055
1.079606098731359
1.1096283543109893
1.1917588382959365
1.291438225110372
1.3870203884442647
1.3862028348445892
1.413805554707845
1.6255723055203755
1.5734280506769815
2.0818191635608674
1.5333744696776073
1.259149131377538
1.128423325419426
1.04612294058005
1.0210446101427078
1.0482804960012435
1.1015298791726431
1.1690647055705388
1.2438794835408529
1.3594558839003246
1.430662185351054
1.4374440972010294
1.7981449989477793
