27.790054613749188
14.265143191019694
10.488106756210327
8.459764815966288
7.223385227521261
6.363518091837565
5.712980092366537
5.220630682309468
4.795121102333069
4.422756790320078
4.051474928061167
3.7546901599566143
3.584064064025879
3.3685464588801066
3.204872261683146
3.0426538395881653
2.9427965545654295
2.8507849677403767
2.811474130153656
2.751620981693268
2.686516386667887
2.6138641611735025
2.615605580806732
2.5212332153320314
2.4605082551638287
2.3816651201248167
2.3193820023536684
2.278004463513692
2.2631435318787894
2.2188255230585736
2.178292310635249
2.1846394884586333
2.664420804977417
2.321635067462921
2.0486850424607597
1.9192664742469787
1.865398238102595
1.8604541830221812
1.8882049564520518
1.9081365350882213
1.9362151002883912
1.9429980039596557
1.9238502621650695
1.9155448547999063
2.47211909810702
2.2591532711188
1.8584254276752472
1.6774370829264322
1.6058840080102286
1.5993579502900441
1.6253241471449533
1.6706593823432923
1.7112962834040324
1.7535082296530407
1.7662389437357584
1.762877761920293
1.739302281141281
1.714470535516739
1.71731062968572
1.7058212943871816
1.6866726394494373
1.6778311888376871
1.6796439937750498
1.6548700630664825
1.6336503442128498
1.6419352821509043
1.638213835954666
1.6331030694643656
1.5984324900309246
1.58591272910436
1.5784884806474049
1.5605117444197336
1.5539607501029968
1.5579811068375906
1.5592763646443686
1.560162113904953
1.5538170079390208
1.54742627342542
2.2206373699506123
1.9870790974299113
1.640056875149409
1.3873621201515198
1.2732707206408183
1.224434497753779
1.2337858339150747
1.2619670434792836
1.321666078567505
1.3889467759927114
1.441443645954132
1.4684564359982808
1.4683265638351441
1.4669040497144064
1.4714340833822885
1.4698088896274566
1.4631234459082285
1.4559381798903148
1.4393636119365691
1.4337995680173239
1.448868276278178
2.36366463859876
