15.937775518099468
7.521617039044698
6.45071368376414
5.819204309781393
5.371678314208984
5.011851987838745
4.663982781569163
4.366850497722626
4.049422656695048
3.7852052370707194
3.615732806523641
3.48047022263209
3.246520670255025
3.089390393098195
3.044801603158315
2.914817018508911
2.7476932406425476
2.5923742429415384
2.5085097630818685
2.7263863690694174
2.8348379596074422
2.6566322565078737
2.5321151924133303
2.313735770781835
2.142608871459961
2.0636542308330537
2.5678474899133046
2.8972999540964763
2.564217188358307
2.1854829891522725
1.949049775203069
1.8291872080167135
1.793091918627421
1.8381123133500417
1.8882938504219056
2.6095891869068146
2.893875176906586
2.2763607545693714
2.0060215731461843
1.8213946572939554
1.6835482414563496
1.6425578860441843
1.6741773076852162
1.7532681592305501
1.8451446104049682
2.626548816760381
2.6098368112246195
2.1207717820008596
1.7595409826437631
1.5938682572046916
1.5263267676035563
1.5311628810564677
1.907849713563919
2.527534333070119
2.056927209297816
1.7461114009221395
1.5551491407553355
1.4828022289276124
1.5019763386249543
1.5283507013320923
1.5944219815731049
1.6855515873432159
2.474942193031311
2.2447820671399437
1.8280909184614818
1.626265381971995
1.446580023765564
1.396048953930537
1.410143845876058
1.4965884387493134
1.5922736096382142
1.6758714532852172
2.374928221305211
2.150020966132482
1.7548073887825013
1.4986665948232014
1.3672445861498514
1.3182487150033315
1.374693813721339
1.4214990250269572
1.5058828790982564
2.4647290658950807
1.9050276625156402
1.52126162926356
1.3516278231143952
1.2874318424860636
1.298179606596629
1.3834152193864186
1.4858810957272848
1.5472832338015239
1.6184997471173603
1.617408388853073
1.597358570098877
1.5610311011473337
1.817979717652003
2.381336212158203
1.777496612071991
1.450895303885142
1.3025027704238892
1.2172579310337703
1.2063174188137054
1.2556824465592702
1.3451048080126444
1.4096211489041646
1.5106585073471068
2.0687781365712485
1.9800768041610717
1.5312306924661
1.3160943377017975
1.2054563363393147
1.1685057046016056
1.2215641476710637
1.3127075159549713
1.440872816244761
1.494171306292216
1.5335918231805166
2.1860819546381633
1.916709285179774
1.5013625729084015
1.2845160977045695
1.1816802183787027
1.1647037382920582
1.1951639719804128
1.2267486252387365
1.2934607827663422
1.3943342932065328
1.493184852997462
1.5219923162460327
1.6130594066778818
2.216852514346441
1.6838849755128225
1.4070552249749502
1.2436139996846516
1.1614788287878037
1.1231991360584894
1.1689982473850251
1.25686776359876
1.3278941186269124
1.4709700552622478
1.492279719909032
1.4776940055688221
2.0993993786970773
1.8365761160850524
1.4355497503280639
1.2340200388431548
1.1324973287185034
1.0819597748915355
1.1179413737853368
1.219483052889506
1.2497004147370656
