20.516442289352415
7.847353765169779
6.545056277910868
5.966236488024394
5.427499475479126
4.992188027699789
4.695222124258677
4.370884041786194
4.157709128856659
3.96024276415507
3.7337847487131754
3.507503177324931
3.3840512839953103
3.2431524761517845
3.1302864011128744
3.065587565898895
2.8974961558977763
2.93103297551473
2.840437068939209
2.7474531968434652
2.7948817086219786
2.7393615873654684
2.618087712128957
2.486685487429301
2.343025066057841
2.2836415378252664
2.2877517676353456
2.270289050738017
3.190308035214742
2.813381061553955
2.4317907945315045
2.2676427455743156
2.1150651196638743
2.0279763237635295
2.0034923319021862
2.009937376578649
2.040671974023183
2.9748245783646903
2.582631158828735
2.2081108927726745
1.9569968851407369
1.842779289484024
1.8270448048909504
1.8522095914681753
1.913895620505015
2.5263956407705943
2.656989321708679
2.178707441886266
1.9027842199802398
1.760283916393916
1.695314924319585
1.7124502690633139
1.7987759200731914
1.8625251964728038
1.9829990259806316
1.9647958958148957
2.5577724293867745
2.3187429281075795
1.9044383653004964
1.7048234975337981
1.6083892146746317
1.577116510470708
1.6122071925799053
1.6545026950041453
1.758575267791748
1.8286504153410594
1.8681525198618572
1.8612403325239817
1.8660776245594024
2.244403507709503
2.1597930494944255
1.770347114801407
1.850579077800115
1.632792142232259
1.5354333813985188
1.4912056183815003
1.5195945258935293
1.5802731680870057
1.676828646659851
1.7403173808256784
1.8334856541951496
2.4683260786533356
2.010111476977666
1.6813688627878824
1.5051618945598602
1.4154575236638387
1.4084112679958343
1.4318056857585908
1.4893801852067312
1.5628202374776203
1.6480008896191916
1.703278880516688
1.752091983159383
1.726042222181956
1.6749780213832854
1.7201811222235361
2.3583494798342386
1.8979648073514304
1.5934438920021057
1.4319765158494313
1.3520331613222758
1.3371038480599722
1.3655241274833678
1.4348443122704824
1.554960298538208
1.597939558426539
1.6364751136302949
1.6490135538578032
1.655650178194046
1.6374436497688294
1.5842088802655538
1.542052257458369
1.5477739783128102
2.2267111869653067
1.8756831347942353
1.5392072427272796
1.3889559272925058
1.3053595566749572
1.2695734167099
1.282275615533193
1.3405166339874268
1.44150932153066
1.5160450804233552
1.6109788890679677
1.6267462635040284
1.6216500111420948
1.588621164560318
1.537447137037913
1.5010628394285839
1.4565761085351308
1.4994724440574645
1.561963633298874
2.166797364552816
1.953769271771113
1.571358786424001
1.3922321883837383
1.2898629117012024
1.2392292604843775
1.2295002675056457
1.2569661017258962
1.349871771732966
1.413942013978958
1.481083446741104
1.5077227866649627
1.5144576378663381
1.5362771956125896
1.5038172864913941
1.5221731901168822
1.5366687961419423
1.5484644838174184
2.0824396355946857
1.8468151799837749
1.5141673707962036
1.3459463810920715
1.2452368179957072
1.1840472592910132
1.1974678122997284
1.2366692711909613
1.2835350048542022
1.3568940150737763
1.4282195723056794
1.461000115474065
1.4792407353719075
1.5179860258102418
2.2536050987243654
1.8679378187656404
1.6224274031321209
1.5046062099933624
1.3346107196807862
1.233242348432541
1.1951826186974843
1.1975722577174504
1.2554362986485164
1.2835287008682887
1.3140612335999806
1.3911323189735412
1.4232774114608764
1.489139938354492
1.491971623500188
1.5413004962603252
1.668183265129725
2.1107283933957417
1.7152604361375172
1.453352830807368
1.3018146046002705
1.210290446281433
1.1549275519450506
1.2007980781793595
1.2313698689142862
1.2819900524616241
1.3211410840352376
1.4182241348425548
1.4708003616333007
1.644795483748118
2.021300133864085
1.6482618498802184
1.3910906891028085
1.2560427379608154
1.1824940860271453
1.1287502845128377
1.1806318777799607
1.2173171589771907
1.356067549387614
1.3796307520071664
1.4012142129739125
1.4187002273400624
1.4611310386657714
1.4432729657491048
1.588934990564982
1.7018523013591766
1.5106768822669983
1.3889769756793975
1.2439824179808299
1.2023446975151697
1.218131202061971
1.2625323776404063
1.340117708047231
1.4243504659334818
1.451128993431727
1.5082624423503876
1.812825822432836
2.016694972515106
1.5713176572322844
1.3510184196631114
1.2387677570184072
1.1680872104565303
1.1303144848346711
1.1307654949029287
1.1584619770447413
1.2333559238910674
1.315749405225118
1.3545562644799551
1.3889595397313437
1.420100940068563
1.4324571832021078
1.519652678569158
1.429930945634842
1.3405965892473857
1.293267537355423
1.3874366323153178
2.0583195281028748
1.6801179540157318
1.3954329192638397
1.2406795704364777
1.158562427163124
1.1112421756982804
1.1061305103699366
1.1208875554800033
1.2889598047733306
1.3296674998601277
1.3402354327837627
1.350663788318634
1.3111678930123647
1.3294154512882232
1.3684431072076162
1.3652327919006348
1.3614160458246867
1.3869198664029438
1.6050756287574768
2.1043610191345214
1.6301724282900492
1.4017029345035552
1.2542710586388905
1.163863530953725
1.1131921911239624
1.1197140681743623
1.1042494982481004
1.160726664264997
1.2382803324858347
1.4113786260286967
1.4111418124039967
1.3581721409161887
1.3337060443560282
1.297154190937678
2.0471736776828764
1.6401748768488567
1.3835171826680501
1.2341026916106541
1.1518131782611212
1.0959056440989177
1.0732185713450113
1.099568358063698
1.1290409010648728
1.3822419091065725
1.443530399799347
1.3484446787834168
1.2592263340950012
1.2447218259175619
1.356394655307134
1.3878380167484283
1.3858341896533966
1.3697873389720916
1.3641599150498709
1.37543497244517
1.8060033555825552
1.8078982671101889
1.4906778570016226
1.4999385599295298
1.280823402007421
1.169246396223704
