23.050967317819595
10.264549343287944
7.805961279571056
6.688584366440773
6.003019118309021
5.51826702952385
5.084565329551697
4.764857015013694
4.451045071333647
4.187234193086624
3.9393160112202166
3.7600635260343553
3.5335159532725813
3.3875688605010508
3.345623391121626
3.1367660127580166
3.007841518521309
2.9897883154451845
2.8927472099661826
2.89336261972785
2.8089906610548496
2.72603725194931
2.6260513864457606
2.5402162067592142
2.8017506651580333
2.662176913022995
2.4305898301303386
2.3444286555051805
2.535631017386913
2.5840913966298102
2.325061260908842
2.2188180182129145
2.1658613447099926
2.158596123754978
2.17279212474823
2.1757033981382845
2.1772960912436248
2.13630247451365
2.0906968876719474
2.2459543593227864
2.8869922518730164
2.1654193978756666
1.9347735714167356
1.8457693442702294
1.8235329493880272
1.8568110298365355
1.9145222768187522
1.9707490887492896
1.9810789097100496
2.5026229221373795
2.3040738057345154
1.917314761504531
1.7675014529377222
1.7076383147388696
1.7142025157809258
1.7386243276298046
1.820471328869462
1.8612127285450697
1.8714179713279009
1.8566288374364377
1.835274236649275
1.8290254797786474
1.822016055509448
2.512747697159648
2.027734940126538
1.7423080127686261
1.6141014974564314
1.5712421763688327
1.5897333279252053
1.6315740015357734
1.6978779379278421
1.7546682722866536
1.7674375161528588
1.7534573074430226
1.7376806382089853
1.7407669853419065
1.7154220558702946
2.440669674053788
2.030946783348918
1.706498434394598
1.5426644153892994
1.4829238787293435
1.4689002607017756
1.4977282389998436
1.5658413492143155
1.6311831790953875
1.6620290115475655
1.6806403424590826
1.696754202991724
1.6576453924179078
1.6249581437557936
1.6117459293454885
2.0541312832385303
2.24598011597991
1.7100697934627533
1.5133515063673257
1.4165292497724296
1.3944341398775577
1.4034517310559749
1.4489435330033302
