16.633436683019003
7.481896707216898
6.423833945592245
5.925920448303223
5.425957503318787
5.103196682135264
4.695640428066254
4.374004454612732
4.14451866944631
3.86718017578125
3.6526686374346413
3.432037405172984
3.4663068532943724
3.2575941975911458
3.1238940970102944
2.850538091659546
2.7962550632158916
2.933182396888733
2.6638365817070007
2.6931858460108438
2.5873004603385925
2.6393265883127848
2.4134656405448913
2.213565291961034
2.282717071771622
2.224323525428772
2.9152477900187175
2.623683575789134
2.460902935663859
2.0904517956574757
1.9148853993415833
1.8571742407480876
2.610116113424301
2.6552350894610086
2.2786983211835223
1.9214697388807933
1.774918899536133
1.7226922082901002
1.7295119392871856
1.7774279872576395
1.9335635499159496
3.005235499540965
2.424359919230143
1.9666289945443471
1.7226029900709787
1.609197616179784
1.5901180430253348
1.6190191801389058
1.6678667068481445
1.7758094875017802
2.7852592333157857
2.3197742227713265
1.8282552401224772
1.6011418533325195
1.5017904881636301
1.4874531841278076
1.5235040616989135
1.6181403251489004
2.2611686809857687
2.346802441676458
1.8820404096444447
1.605419290860494
1.4669730122884115
1.4145126156012218
1.4391521763801576
1.5262968170642852
1.6784631860256196
1.7973871235052745
2.5237083033720653
2.11538507938385
1.6819377140204113
1.4620834024747213
1.374649352232615
1.365261960029602
1.3965211335817973
2.0269091526667276
2.1621346811453503
1.6787023774782817
1.4347747711340586
1.3244643417994182
1.3212633268038432
1.3545805676778158
1.4489301280180613
1.6043050320943197
2.2841649436950684
2.0663637459278106
1.5963203386465707
1.3872953188419341
1.2895611464977264
1.268118454615275
1.3365358038743338
1.4341228568553925
1.5170746819178262
1.562259127696355
1.5752711236476897
1.7845579957962037
2.2870203824838002
1.7063114496072134
1.4092663995424906
1.2722576836744943
