16.0588098303477
7.072033178011576
6.434889988899231
5.923446264266968
5.609640727043152
5.34537905216217
5.081399448712667
4.864712811311086
4.694171841939291
4.42171170870463
4.327443064848582
4.159414941469828
3.977771232922872
3.8171498386065164
3.676204277674357
3.6228881820042926
3.4738290667533875
3.331703080336253
3.3769119429588317
3.0947595969835917
3.087176967461904
3.1045647199948627
2.9115367968877157
2.724924389521281
2.871545035044352
3.136805497010549
2.865615804195404
2.5848322749137878
2.3777056193351744
2.323719835281372
2.823667150338491
2.669738296667735
2.500729944705963
2.2145616841316222
2.5488208552201588
2.4732376392682394
2.178770378430684
2.068803190390269
2.039518521229426
2.6004243997732797
2.769001812140147
2.336475588877996
2.035977863073349
1.9043951622645061
1.8742488650480906
2.4812748686472577
2.4369662563006083
2.0476690840721132
1.870888842344284
1.8070951068401337
2.1042666812737783
2.5039592878023784
2.184095440308253
1.9070906992753347
1.7576539421081543
1.7075856244564056
1.7399978335698445
2.587788985967636
2.3985743149121603
1.9313379228115082
1.7316135780016582
1.6463464844226836
1.6448043036460875
1.6930951023101806
2.4374305971463524
2.1767983476320905
1.7935007123152416
1.6410451169808706
1.6132846184571583
1.6368622362613678
1.707262354294459
2.611540075143178
2.1173363812764485
1.7439622541268667
1.5796904420852662
1.5290735113620757
1.5535988652706145
1.7074473643302917
2.5601372726758322
2.0376898761590323
1.687372618118922
1.538308354218801
1.478808973232905
1.532910587390264
1.6135190006097158
1.6892151236534119
2.296659119526545
2.178745939731598
1.726383960644404
1.5279813051223754
1.4388851777712504
1.4543497145175934
1.5321946521600087
2.0387754821777344
2.2479230682055156
1.757607121070226
1.529954727490743
1.4362518310546875
1.4214402929941814
1.4815657635529835
1.5607814196745555
1.6460221993923188
1.8967499244213104
2.40746692498525
1.8315883918603262
1.5403436052799224
1.4169996325174967
1.3709317350387573
1.3979524556795757
1.4725656692186992
1.575935536623001
1.8600520090262096
2.3849880417188007
1.7819494450092315
1.4998904192447662
1.3804330229759216
1.3358286746342978
1.3677686365445454
1.458712104956309
1.5499116663138073
1.876225380897522
2.4244448669751484
1.8396410501003266
1.5651650293668111
1.3981902229785919
1.3352211380004884
1.3233348580201467
1.3531095286210377
1.4450885192553202
1.7274039745330811
1.8414306211471558
2.2086928776899972
1.7185581882794698
1.4690111660957337
1.3459859824180602
1.3025830284754436
1.3115614501635233
1.3885651310284932
1.484293970266978
1.5542946060498555
1.6123648540178934
2.3918291258811952
1.746484568119049
1.4679773994286855
1.32465518116951
1.2567885255813598
1.3042815335591633
1.3590202697118123
1.4403545427322388
2.212116929292679
