17.253303327643838
7.814982767355338
6.451408694853936
5.745926701292699
5.198996941480275
4.85218428800822
4.429726718118517
4.130602044197283
3.808832541846673
3.6351051344468366
3.3244510607538698
3.2030634692389484
3.102668981857967
2.981657678114777
2.8242213434102585
2.9116395631962546
2.6954339238714544
2.565182807494183
2.9830982497412677
2.9343751999101557
2.4785251506215977
2.26390002837334
2.1684780628271074
2.125951519860471
2.147087813813902
2.8437690727912304
2.5597684508509957
2.29389030314743
2.046519766048509
1.9410502243320031
2.028707946007175
2.0619161681600633
2.005091640066475
2.1914629300203683
2.6746051353198794
2.223102247402202
1.9510151213876707
1.822315400960494
1.732965493688778
1.7330456555063454
1.7952046408250102
1.8614671699507244
1.8902120412959997
2.7272567550920535
2.1031148207778485
1.8268874994867397
1.6510827339772929
1.6096767889167407
1.6199608620679762
2.331576702893649
2.0548879342593533
1.765444203298919
1.5923786338842298
1.577668582385205
1.6952697358395545
1.6895031317329963
1.690476137417051
2.524259411211264
1.9629834052772632
1.6583584446253652
1.5043994619269412
1.4694088985899099
1.4732018073168163
1.529572695406811
1.6910414240450622
1.7136435129899672
1.7090990154110655
1.9057694510190202
2.37162785974953
1.8204255976412804
1.5658082002801033
1.4322411895840925
1.453702810901942
1.406202443834644
1.4746343564709143
1.5571475070697574
1.6176743768046966
1.6285209749599936
1.614582076712183
1.5761974947445594
1.5726787241137758
1.5984322430441054
1.6001389422847647
1.5794267438938596
1.574204860901346
1.5615509091591349
1.893224063837146
2.262731125333914
1.6913937643040027
1.4402715992997062
1.3266604603553305
1.315754450444925
1.31328128308666
1.331004439220484
1.3802734491776447
1.4791206566307358
1.5872822878312092
1.5724777296055164
1.5834842572754395
1.533724062296809
