15.41774600982666
7.246904582977295
6.203776903152466
5.636153651873271
5.272391112645467
4.863049139976502
4.501159187952678
4.122869594097137
3.8548383196194966
3.6071576476097107
3.4450958935419718
3.28933180809021
3.0062907934188843
2.938208163579305
2.9258828163146973
2.838513021469116
2.7588769141832987
2.881169284184774
2.6070429531733197
2.333940218289693
2.183611392577489
2.09119326432546
3.1626342022418976
2.8904763396581012
2.3354502522945406
2.0672890003522237
1.9617514590422311
1.9130469552675884
1.9322529220581055
1.984087167183558
3.3158166718482973
2.776621707280477
2.1999436457951864
1.9007639261086782
1.847168630361557
1.747148272593816
1.7221845972537995
1.7699418222904206
1.8455798145135243
3.1157490440209705
2.5025840616226196
1.9342034419377645
1.7134266571203867
1.6012911868095399
1.5832131059964498
1.629551611741384
1.6937598943710328
1.785972071091334
2.8814480849107107
2.3599337768554687
1.835084192355474
1.5887579715251923
1.4775558078289033
1.4718008275826773
1.5267705464363097
1.6399084170659384
2.1098208526770272
2.47517884294192
1.8799694669246674
1.5953291253248851
1.4728025281429291
1.4271688763300578
1.4440867682298024
1.51213333884875
1.6194666310151418
1.68110325217247
1.7323429302374522
2.7269422074158984
1.9610914357503255
1.5861478873093924
1.4049229907989502
1.3224364340305328
1.3183351413408915
1.3892663204669953
1.4773622794946035
2.1008782811959583
2.3031561740239463
1.7615568403402964
1.453166859547297
1.315316556294759
1.2654330551624298
1.2928391635417937
1.3867177148660024
1.5096033024787903
1.6009854737917582
1.9306197373072307
2.2459064916769664
1.6456176769733428
1.4044150380293527
1.2833625038464864
1.2669637787342072
1.2828531861305237
1.34724360982577
1.6300379745165507
2.3185348471005756
1.6808345945676169
1.3959102857112884
1.264324546655019
1.203306446671486
1.2381043459971746
1.3025574286778767
1.4030589719613393
1.5229878664016723
2.441031243801117
1.8131740164756776
1.449917933543523
1.2751197409629822
1.1895643824338913
1.1571627511580784
1.206069491704305
1.3158364121119182
1.4331850409507751
1.4699747629960378
1.5174673597017925
1.5290449210007986
1.5035688706239065
2.243717305660248
1.7084823230902353
1.4366117986043294
1.2507076187928519
1.1779430290063222
1.1552824115753173
1.2591583253939946
1.2883736101786296
1.359904369910558
1.4365174969037373
1.486056340932846
1.4794950652122498
1.4714046978950501
1.4524515450000763
1.4610852154095968
1.4395043321450551
1.3806416408220927
1.4312750573952993
2.106416308879852
1.8952856079737346
1.464910940726598
1.240486810207367
1.147683061559995
1.09084479033947
1.0803890538215637
1.1436395204067231
1.2063459922870001
1.2677948701381683
2.016864633957545
1.9225696007410684
1.4416142932573954
1.234410757223765
1.1223658454418182
1.0745266473293305
1.0952038981517156
1.1309655274947483
1.2358737270037332
1.305846322774887
2.07333095351855
1.8753148102760315
1.6680751283963522
1.3899346681435902
1.194968386888504
1.095171362757683
1.0482411861419678
1.0667323670784632
1.1681987313429514
1.3864061482747396
1.4036102708180744
1.3509685973326364
1.3208702651659647
1.3176306998729705
1.4291717672348023
1.5428899025917053
2.130482827425003
1.689662874539693
1.3691186034679412
1.18526471555233
1.0786791320641835
1.0529555626710256
1.0537934428453446
1.1886129488547643
1.2271280976136525
1.2423010305563609
1.2836745870113373
1.34195086201032
1.4540128982067109
1.4819582370917002
1.4475798491636913
1.4002291138966878
1.3485256187121073
1.4402730365594227
1.4528396439552307
1.3089169458548229
1.2101143534978231
1.1542486214637757
1.2048093736171723
2.2323647864659626
1.6508139860630036
1.3377749689420064
1.1542538279294967
1.0637100632985432
1.0128745237986247
1.0220444826285044
1.098884173432986
1.144256466825803
1.2190355718135835
1.2563997135559717
1.3015506581465404
1.375060750246048
1.4162921460469564
1.6570268364747365
2.0776975345611572
1.5531672032674153
1.2673624897003173
1.1135709019502005
1.0423388187090556
1.0074303899208705
1.0074599273999532
1.0818525560696919
1.1615047434965768
1.2136642728249232
1.235682306289673
1.325344082514445
1.3356283605098724
1.8040240597724915
1.85819411277771
1.3981984523932138
1.1879250645637511
1.0749535783131918
1.0278511410951614
1.0030431560675304
1.0173402069012325
1.0902394860982896
1.155190319021543
1.3290274357795715
1.606747438510259
2.1068934774398804
1.5679077569643656
1.2936097832520803
1.132709375222524
1.0430612287918726
1.0178726943333944
0.9921066772937774
1.001480489373207
1.0679750037193299
1.1967016210158665
1.3132662387688954
1.3491331505775452
1.4115201207002004
1.3334684034188589
1.2974264391263326
2.012256973981857
1.6998593783378602
1.3626592711607615
1.163962417046229
1.0514115848143895
1.0069281727075576
0.9935354781150818
1.0278714329004288
1.104426234960556
1.1425872500737508
1.2118016395966211
1.2711121428012848
2.1617219909032186
1.6294428932666778
1.2881637477874757
1.1416183902819952
1.0569332098960877
1.0115072836478551
0.9987556538979212
1.0509100484848022
1.1375068712234497
1.1673178404569626
1.187673129638036
1.2871165466308594
1.3205547372500102
1.3216222318013509
1.518511664867401
2.0213005701700846
1.4711830854415893
1.2092671199639637
1.0916330669323604
1.0254416352510451
0.9947432456413905
0.9773107906182606
1.0267521409193674
1.1326884216070174
1.2553918008009592
1.246839835246404
1.6253339513142904
1.8100561114152272
1.3616409695148468
1.1664575264851251
1.0578278317054113
1.0001502732435863
0.9985032337903976
1.0380967090527216
1.0813592195510864
1.1645081983009975
1.1841144287586212
1.2175919816891352
1.2046218248208365
1.241533984740575
