14.767171932794257
6.97957598864202
6.088900012226158
5.5933469849376625
5.1788743193103075
4.785401283200405
4.479715329358837
4.245070967501585
3.9777652274267257
3.8146253190000743
3.574764435669838
3.4780516033385127
3.29074993173392
3.118027803957628
2.990560532944448
2.868302079628437
3.070109494217259
2.729085236870811
2.6888470736054657
2.728866072418298
2.3688221641901808
2.2779358369726324
2.676984498095712
2.974091209076905
2.3682496414875254
2.1029359902512064
1.9950029896494406
2.076464476359588
2.912376535968196
2.561953608372085
2.2477023724393925
2.005095127565283
1.8828857200723506
1.8120308154804794
1.8167555956455326
2.563262450661832
2.4755399887940346
2.013192254852784
1.7826381021887479
1.6845763842043437
1.6843751267138298
1.7883672734156957
2.428884017766352
2.5168069126214156
1.9530265065620869
1.6903906320130924
1.5717863976789384
1.5637352655857055
1.7072090650999447
1.7628834274153855
1.8122631749734905
1.8728690954304008
2.482301240179864
2.1841182247177806
1.8533588166356418
1.608280851980438
1.4957004111457335
1.470572764494957
1.4977873128768793
1.5940739517424432
1.8588521009036094
2.478846649937643
1.878621769482711
1.560226464005898
1.4198672940804102
1.411862675526016
1.4446277797720226
1.560768172269412
1.6511876483481573
2.36561332804911
1.8515117882354013
1.522388695342295
1.3794411683148993
1.3601471537667065
1.4364247378532602
2.3332436117953246
1.7426444584280667
1.4519697421108448
1.3246697841580533
1.3083008790082586
1.3852252648069334
1.7914707756972246
1.9769809697663883
1.6957829064977534
1.499617731338756
1.3642936765649525
1.3224988129809707
1.4342731569470801
1.4948306110243943
1.5641689393513714
1.597231860280369
1.5720277443569683
1.5524202794417696
1.9478767658674618
2.217687164840592
1.6275151499798703
1.3505810645297378
1.229677283996327
1.2127502872751283
1.2386814242950057
