14.981831150054932
7.084248631795248
6.238051207860311
5.756799812316895
5.327496383984884
5.027169325351715
4.748666058381398
4.424424270788829
4.218865752220154
3.967284314632416
3.82452135403951
3.6075319544474285
3.526513377825419
3.349442641735077
3.2636997191111248
3.07688751300176
2.9360714848836262
2.983020396232605
2.810849295457204
3.0465160568555194
2.6528140695889793
2.5596170981725055
2.583393757343292
2.6759702881177265
2.705094381173452
2.4343671584129334
2.472455483277639
2.3924261124928794
2.774907567501068
2.5349558186531067
2.2337547834714253
2.1240578015645344
2.103122478723526
2.879946644306183
2.4551958068211874
2.0660169462362927
1.8818556201457977
1.809616034825643
1.8154893616835277
1.9131189223130545
2.1884676464398702
3.051307129859924
2.2470920364061993
2.077758855819702
1.9520023409525553
1.7809744548797608
1.7047190582752227
1.7084549152851105
2.671461617151896
2.284079490105311
1.8583253490924836
1.6874864602088928
1.612502352396647
1.6244751560688018
1.7225664389133453
2.867804128328959
2.194234166145325
1.7894879937171937
1.6162702469031016
1.5349456330140432
1.5450735119978587
1.6171150569121042
1.7650514801343282
2.277568581501643
2.4918806624412535
2.051482077042262
1.7326291501522064
1.5466111485163372
1.456065882841746
1.4782792794704438
1.5365713083744048
1.6208494591712952
1.7066190393765768
1.8023430633544921
2.269745033979416
2.2889974574247995
1.9161642702420552
1.600486622651418
1.450616315205892
1.3918386578559876
