16.394312508134956
7.351183273706091
6.358195187097572
5.7618879209081815
5.317977577088827
4.961377635059587
4.612680588860109
4.379669173654303
4.155553865145488
3.882987666560943
3.764250897499452
3.6001401328178773
3.3569696042911117
3.206206088324627
3.1581619705062316
3.1530448787183647
2.8972568447331346
2.9525495623967735
2.761038363698017
2.5957174322691308
2.532846114003515
2.391150781189103
2.3336989204567598
3.0959086360701598
2.7058726527604713
2.3481183849185348
2.1044402775994264
1.975841829575688
1.9694994576724179
2.7469415844204916
2.591163335794426
2.15567344534828
1.9239381041871495
1.845178065529789
1.9129478453871716
3.2111718819802064
2.3564444873706405
1.9340242567550705
1.7330090206071556
1.6464177237217685
1.6459763057260628
1.7569580063762436
1.909789198134319
2.8766998921532227
2.2175158147352287
1.8186157399631409
1.6445653815585446
1.5749989421252746
1.6044823599148945
1.6849792736122406
1.7625185121972877
2.6766907831272446
2.321954615862973
1.8948733659393817
1.6097630373684757
1.489013947277184
1.4555157706680069
1.5032364833785827
1.6213262964443989
2.623676479221827
1.9835328172488385
1.6361694497516357
1.4711279571056366
1.4245996963546936
1.4567674466644425
1.5219499436487633
2.2298498789230026
2.2223379245723587
1.7318640753447292
1.4872312779168049
1.3770202032054764
1.383061053523098
1.4384468779506454
1.5526963928377773
1.6432899064328297
1.7600766492177204
2.1704027469617775
2.0426589878926795
1.6025485798537014
1.4532932721706757
1.3395121442266258
1.322331723678543
1.4095099762261631
2.1772765373609153
1.9523059470825885
1.5289779405996025
1.3393117990120347
1.2664901747042874
1.2860923736210328
1.397099632814706
1.4937184190893749
1.9213145982070141
2.211762278194887
1.81749483548015
1.54585484567895
1.332774450980037
1.2448872428342521
1.2252665567828949
1.276757095951632
1.3842972771949078
