16.2152677488327
7.253621048927307
6.489396866162618
5.951064556439718
5.612588103612264
5.257935574849447
5.003697872956594
4.81261434396108
4.516027672290802
4.335522079467774
4.074516814549764
3.9639954805374145
3.758015014330546
3.684493029117584
3.5522885886828104
3.3460785365104675
3.212416969935099
3.2409149758021036
3.02960098584493
2.8993890269597373
2.961020876566569
2.9222034962972003
2.7322060950597127
2.725569944381714
2.589855663776398
2.408953020572662
2.580353043874105
2.8246392464637755
2.4567051696777344
2.2304941749572755
2.4025260464350384
2.7731287407875063
2.410597501595815
2.1127470664183297
1.986868263085683
1.9956809147198995
2.688861026763916
2.530797612667084
2.1103545689582823
1.9700702114899953
1.865732628107071
1.8860104195276897
2.3122707923253376
2.6906628076235455
2.192959291934967
2.038607757091522
1.827003040711085
1.7276380566755931
1.7395367729663849
2.65728879292806
2.4282522106170656
2.033917105595271
1.7720144200325012
1.6567061801751455
1.636549732685089
1.7146140110492707
1.7555478052298228
1.8674860032399496
1.948847995599111
2.8074675277868906
2.158053098122279
1.7560318847497305
1.5997974026203154
1.536987189054489
1.5438871733347574
1.5974785220623016
1.695899743239085
2.5542359256744387
2.1864885127544404
1.7420046921571095
1.5613281297683717
1.4966274793942769
1.5022941148281097
1.5840565141042073
2.0785727202892303
2.192078056335449
1.76133718252182
1.585682601928711
1.4978309953212738
1.4800487045447033
