21.307190734148026
10.30406856238842
7.701732671260833
6.527073258161545
5.73402985483408
5.211234243214131
4.743702092021704
4.362785195559264
4.030090975761413
3.7819714933633803
3.5142659887671472
3.392460701614618
3.2093537494540216
3.144187555462122
2.987318352609873
2.8549268737435343
2.778034568578005
2.865206027776003
2.8548499293625356
2.7636115603148936
2.6339349508285523
2.6680679500102995
2.6263182312250137
2.4087642788887025
2.3252920918166637
2.2767557241022587
2.3024271957576277
2.3136986024677753
2.2960375674068927
2.870345562696457
2.572481843829155
2.2402550015598535
2.04367191195488
1.9540563531219959
1.9900921549648047
2.021679417416453
2.059411269426346
2.0571204129606486
2.057624676451087
2.5437975842505693
2.595067124068737
2.0730279225856068
1.8718215353786944
1.7888822108507156
1.7721221532672644
1.8061303947120906
1.8517237056046725
1.910894288495183
1.9121530748903752
1.9296358566731215
2.336601165309548
2.304044558852911
1.9624883480370046
1.7618677504360676
1.6829066436737776
1.6662624556571246
1.677864383533597
1.7298333253711462
1.7765235871076583
1.823052502423525
1.831578378006816
1.8178911462426186
1.8009589970111848
1.762285867333412
1.7519735481590033
1.7278504576534033
1.7222027026116848
1.7240706954151392
1.712507777661085
2.1801739782094955
2.2615313827991486
1.8201052360236645
1.599099138379097
1.4917624831199645
1.4653283689171075
1.4870679914951324
1.5411203380674123
1.630207685381174
1.6619600649923085
1.6935313273221255
1.704278014600277
1.6686606716364623
1.6474791947752236
1.6216454640030862
1.6234372809529305
1.603600349649787
1.6072237327694894
1.6024021282792091
1.6145944647490977
2.5557892244309186
1.9682906255126
1.6008593574166299
1.451325337216258
1.37919800914824
1.3566950678825378
1.37786129899323
1.4298209078609943
1.4806349065154791
1.5511770222336054
1.5910958174616099
