17.21502409140269
7.296286684672038
6.509979265530904
6.026256709098816
5.649673271179199
5.381649711926778
5.03921745300293
4.743353008429209
4.555036465326945
4.3046554025014245
4.132913041909536
3.889905831813812
3.7125909678141276
3.583354139328003
3.481788732210795
3.3736669834454855
3.1788792928059895
3.1326111245155333
3.1154534125328066
3.06011122862498
2.825569705168406
2.6582887307802836
2.729384284814199
2.68131973028183
2.58019158522288
2.4742022371292114
2.8804230070114136
2.6580536929766336
2.2986597140630085
2.1562844729423523
2.086617647409439
2.061871931950251
2.722333598534266
2.845945367018382
2.318383424679438
2.0878980894883474
2.013986930847168
2.4185951093832654
2.39596821308136
2.1936101802190144
1.9351768958568574
1.8457584981123607
1.855521764755249
1.8748382568359374
2.844440387090047
2.4156068046887715
1.9488477484385172
1.755605319738388
1.693911870320638
1.7451927038033803
2.703655118942261
2.1480730418364207
1.817199981212616
1.687214967807134
1.6355439941088359
1.657384531100591
2.7489740840593972
2.2379268070062
1.8275842781861622
1.6381322896480561
1.5568224557240804
1.5676139358679453
1.621184755563736
1.7365700972080231
2.294094127813975
2.4519163878758747
1.907214785416921
1.6507970972855885
1.5271574405829111
1.5051732969284057
1.5324205911159516
1.5934866178035736
1.6700043066342671
2.448969850142797
2.173641590277354
1.7413602483272552
1.5324761037031809
1.473019994099935
1.6319774540265402
2.047797711690267
