16.03057425400673
7.338333418110287
6.326139349127215
5.870955343698061
5.391016829312678
5.036525021024401
4.837872520462716
4.455531900639653
4.235066534084862
4.016938137808882
3.8349491082194125
3.600224363438598
3.4411292540993865
3.265059524923978
3.1901480646850673
3.166411017973111
2.910908436708796
2.993826490258772
2.7198348576644005
2.531882127347431
2.6878190691424613
2.6838701701097833
2.488188670538262
2.5960334629069464
2.3777504418885806
2.6161872424123014
2.359638437587239
2.0979517904164733
2.0018781436851096
1.973335727011593
2.7415536542456795
2.4882083238001322
2.05592546688813
1.8766576048391443
1.808314655152536
1.8201057572218702
1.900734183516011
2.5318909411974935
2.619155947212389
2.015543795229665
1.8513869047164917
1.694906765371976
1.6487644744782726
1.7073233951101063
1.7663877830531935
2.4027346688060707
2.3564556076666108
1.9099192539629497
1.6618946910236538
1.5550199474796944
1.550975448241805
1.5983127226072433
1.8873244085683796
2.560737385723252
1.8864374336758032
1.6126619846375871
1.4894215270337288
1.4679610420402378
1.575623004549393
1.6851151547392098
1.7281487655506824
1.7380326029982076
2.4934976164012896
2.0008274924456244
1.660242575456837
1.4568297308467557
1.3887356499775538
1.416547618536564
1.5117164959814555
1.6728137788002206
2.333919682542594
1.995226243080203
1.665278174418925
1.4487686954168888
1.3474044892781292
1.3563324216348547
1.4173235391839965
1.7072813507574183
2.023033815506109
1.8221595715679497
1.5258459433871723
1.3927608293411127
1.3641709537559232
1.3846743734434122
1.4691549695633912
1.6124605113085266
1.7136979079844228
2.317288360887915
1.7519579687490436
1.4882704401414706
1.3078773297307218
1.2484883136403926
1.264553814213256
1.3546170437900469
1.4835139961295805
1.536262125357944
1.6639292489187298
2.072567490814124
1.5994310322578238
1.3687377965549905
