1.2105577659606934
1.2218670892715453
1.342895674308141
1.4214796658356985
1.5309119590123494
2.3183466029167175
1.8702457026640573
1.5206314265727996
1.3150000703334808
1.2334921894470852
1.2062913246949514
1.2046973292032879
1.3066682120164235
1.52080495039622
1.54859206199646
1.534551632006963
1.5135887992382049
1.4322186386585236
1.9848693243662516
2.0023375753561656
1.541363224585851
1.3126020916302998
1.1771764661868414
1.1609443897008895
1.1810789893070857
1.2084872166315714
1.2509466818968455
1.3588337163130442
1.482609717051188
2.3641905311743416
1.7283217438062033
1.3893777573108672
1.2249446688095729
1.1442994743585586
1.1151494203011194
1.1480590258042018
1.22816543618838
1.2998770582675934
1.4389590255419413
1.5068077949682872
1.9577038061618806
1.8848087318738302
1.490544642607371
1.2818440826733908
1.160478142897288
1.1329088109731673
1.1436965862909954
1.184625120361646
1.2764814245700835
1.3497846988836923
1.4324990034103393
1.4791375621159872
2.216168306271235
1.681614119609197
1.3632830250263215
1.1859254680077236
1.1366578698158265
1.1014127935965856
1.1127344040075937
1.1775148351987204
1.307154354651769
1.4321301980813343
1.4785126785437266
1.4298069667816162
1.657281937599182
2.1078876399993898
1.6952459375063578
1.3851414585113526
1.1922075951099396
1.0888219503561656
1.0716805098454159
1.1412639860312144
1.127403998573621
1.2010010371605555
1.266764455238978
1.3906513563791911
1.3778233726819356
1.3937269179026286
1.6084608725706737
1.5219851251443226
1.6061150681972505
1.8665368791421255
1.5838745033740997
1.2840175290902456
1.1322370167573292
1.058418806195259
1.0348780262470245
1.0586325101057688
1.0949884551763533
1.2164767793814342
1.2995749151706695
1.3721949136257172
1.3879576992988587
1.5581486999988556
2.013599400917689
1.7252161002159119
1.396396069129308
1.1923825269937516
1.1041010763247807
1.0507263640562694
