17.604622716903688
7.659005324045817
6.521124618848165
5.861869481404622
5.451242360273997
5.045967455705007
4.682508757114411
4.380917074680329
4.003404409885406
3.8135410539309182
3.603070675532023
3.473305090268453
3.222620261510213
3.1089960519472757
2.920160573323568
2.8464600149790447
2.9264916292826335
2.9328612605730693
2.762098294099172
2.5664711729685465
2.4141210571924847
2.340795425573985
2.3791601490974426
3.2429283825556436
2.6349853547414144
2.311205041805903
2.0762638612588247
1.953393686215083
2.147664716243744
3.1252473560969034
2.6193140800793966
2.1301762286822
1.8763900895913441
1.778489948908488
1.7857761303583781
1.8661269966761271
1.933845000664393
3.0278660547733307
2.7222746054331464
2.1607250579198203
1.8306086758772533
1.6646880666414896
1.6198666389783223
1.6500978728135427
2.3467451719443004
2.603406505584717
2.0305239288012187
1.726163767973582
1.5788773131370544
1.5389647932847341
1.5884105745951336
1.6812864371140799
1.782516218026479
2.7527981587251027
2.2836804711818695
1.8584893782933554
1.667523013750712
1.5009270803133647
1.453161022265752
1.483455403248469
1.5560758395989736
2.204340713421504
2.3239242049058277
1.7682267093658448
1.542429763476054
1.4367190714677174
1.4164520132541656
1.445081604719162
1.5530706103642782
2.496929166316986
2.061834430297216
1.639689796368281
1.4390557305018108
1.3416953706741332
1.3415543369452159
1.4406773769855499
1.5482110210259756
2.2802754481633505
2.1033811060587566
1.7479315161705018
1.5519766171773275
1.3648908619085949
1.2927967615922291
1.344552051226298
1.3994554793834686
1.483919733762741
1.5659361020723979
1.6305086354414622
1.6300336484114328
2.3449789547920226
1.908124378124873
1.5249654491742453
1.3319672079881033
1.2513607740402222
1.2320726509888966
1.2933134229977925
1.3589185257752736
1.4549540436267854
1.581794153849284
1.964374021689097
