16.558885990778606
7.595638411839803
6.5080054012934365
5.994858465194702
5.553680895169576
5.114994002978007
4.846424720287323
4.462328259150187
4.232833090623219
3.905226054986318
3.5893377566337588
3.426529616514842
3.3457105127970377
3.229484244187673
3.0421886920928953
2.9106759428977966
2.7567976395289104
2.5940928626060487
2.5194800543785094
2.898978513876597
3.1496098399162293
2.7577033575375873
2.42053857644399
2.392903893391291
2.348721351623535
2.356726237932841
2.40152441183726
2.360622534354528
2.3067462162176766
2.0621085409323374
1.9531131903330485
2.0086714657147726
2.9096441066265104
2.6383640201886496
2.221924416621526
1.9041358606020609
1.7555553444226584
1.6969551066557567
1.6961493535836538
1.7542562011877696
1.852642631928126
1.9416750605901083
3.399411997000376
2.341266615788142
1.9916784461339314
1.7698765397071838
1.5977378471692403
1.5545155370235444
1.548072828054428
1.5993635205427805
1.6862485675017038
2.4216352800528207
2.456063153743744
2.0803416868050895
1.7845892786979676
1.5408588802814485
1.440557605822881
1.459070983727773
1.5332360458374024
1.6266231735547383
1.7523249685764313
2.399093600908915
2.285542319615682
1.868684454758962
1.7370547727743784
1.4841721125443776
1.3782343876361847
1.3495694673061371
1.4163224307696025
1.550595644712448
1.6409312832355498
1.7111054583390555
2.6553906365235647
2.0411381232738495
1.589719806512197
1.386319321791331
1.2809504544734955
1.256047201951345
1.3398363554477692
1.4101638090610504
1.4877858757972717
1.6175948003927867
1.650974911848704
2.2618683203061423
2.135371910730998
1.7084422862529756
1.4061102350552876
1.2667353908220926
1.2227214245001474
1.2525267032782237
1.32439537247022
1.41977237423261
1.5113325468699137
1.605981624921163
1.7017047222455342
2.4235830092430115
1.7336036813259126
1.4215087632338206
1.264930290778478
1.188791723648707
