17.130765395164488
7.430527852376302
6.44714634736379
5.862796276410421
5.4519118976593015
5.024365487893422
4.691895498434703
4.506131639480591
4.1960892287890115
3.968641623655955
3.6994064847628274
3.565980851650238
3.450965272585551
3.2213735063870748
3.0655886753400168
2.9529480719566346
2.8631393814086916
2.8376834217707314
2.771279218196869
2.5709656270345054
2.464728709856669
2.5624449833234153
2.991281820933024
2.657667478720347
2.264429647127787
2.0897526423136394
2.0154447388648986
2.0015865127245585
2.04088596423467
3.0812070135275524
2.740067584514618
2.334425891240438
2.0298839831352233
1.8597242979208628
1.7837639677524566
1.7875463191668193
1.8484338641166687
2.7596422930558524
2.6604714886347454
2.049255836009979
1.80632581392924
1.6653449233373006
1.6307364336649577
1.6540965497493745
1.8090219406286876
2.9177236541112266
2.2133966946601866
1.7949744721253713
1.6180112195014953
1.5458825389544169
1.5577193613847096
1.612149029970169
1.6805902298291524
1.936700445016225
2.784249274730682
2.073004912137985
1.702547463575999
1.5138572327295938
1.429235922495524
1.4509411092599234
1.5182051034768422
1.6488293341795603
1.7216335992018381
2.519510461091995
2.1103034706910453
1.7589247862497965
1.5083005718390148
1.3968333768844605
1.3926333765188852
1.4343559126059213
1.4969179499149323
1.6040638641516367
1.664185287952423
1.7203056184450785
1.796516271432241
2.611098399957021
1.8692061579227448
1.5198398486773173
1.3497468789418539
1.281986989180247
