15.982981631350716
7.30043322661461
6.359320020277188
5.845020069717365
5.457740896591569
5.070482592728808
4.80180187876178
4.442283898010891
4.264812121484273
3.9735355868645033
3.739208626547896
3.5912201537395254
3.3733232951097833
3.2507204358624215
3.1955593681601098
2.9568212616742486
3.041162080419429
2.856462065555923
2.754971237235747
2.624913337170912
2.5800613838982116
2.760819354761278
2.7517736210464436
2.384990705421044
2.2017727004452334
2.211482086553547
2.4223321241256586
2.67096929696277
2.3601941554327195
2.0735361373524146
1.9364293053289643
1.9123492792124204
1.932987770330275
2.8379919661784903
2.57984486994305
2.1679793755656167
1.8756866700802008
1.750878095626831
1.7558742525849833
1.804215085539645
1.8869601046474531
2.775208392183097
2.239820162233868
1.8285144985884345
1.6525874217572651
1.6234716475840067
1.6601991271574186
2.0300265839505
2.55455400618338
1.961143465427303
1.7085868817518017
1.6120425406272696
1.5583282905036693
1.6058449552583827
1.6487314169785439
1.9643530775909637
2.5379830037650954
1.9280865355122387
1.617968116962146
1.4744444222171327
1.4477381875588038
1.5048214804827338
1.5934002582077196
1.686743050232571
2.403610040218385
2.0400474981345176
1.6300464626142241
1.4509655957766563
1.3923797726963223
1.4085885867434955
1.5113583932680008
1.6039025863233052
1.6860382407488597
1.9084977828028475
2.319027908665224
1.7765475235941683
1.4791547156310014
1.3555366936500357
1.3279980225151296
1.3803901240686187
1.4844316506452215
1.576437674192997
1.6578859180461065
1.645759221903129
2.342741737458699
1.8642010061189658
1.4789052418015463
1.3225720363739142
1.3026960189960128
1.3134177458319491
1.3645914268360828
1.5138769461916017
2.4459290341746507
1.721819782323492
1.4598019232656962
1.3043308550268826
1.2274664515904397
1.2589145291150445
1.3437306887592113
1.467089866197209
