17.512522672017415
7.077565115292867
6.320369049708049
5.796547835667928
5.488305152257284
5.095837112267812
4.759975821177164
4.604438617229461
4.298895543416341
4.131803538004557
3.9599337927500406
3.713554533322652
3.6250812077522276
3.4702716739972432
3.476771670182546
3.3219985524813334
3.2674145595232646
3.046400669415792
2.947424662907918
2.8832600251833598
2.8919087171554567
2.778046327431997
3.002472955385844
2.9889452052116394
2.7304577008883157
2.441780063311259
2.2869851263364156
2.1970135084788005
2.7370628368854524
3.155037522315979
2.520569129784902
2.167007526954015
2.0379752798875175
1.9944390618801118
2.456234376033147
2.962087826728821
2.6718283955256146
2.136331861813863
1.9269749490420023
1.8521542902787527
1.901247743765513
1.9663725213209788
2.843959951798121
2.653069845040639
2.243293530146281
1.9117560072739919
1.763100777864456
1.7196824034055074
1.7784182103474935
1.8722240030765533
2.7892849028110502
2.529053787390391
2.0098621376355488
1.7434666514396668
1.6440145818392435
1.6308719074726106
1.8434381572405498
2.579371715784073
2.0344318032264708
1.7880402501424153
1.6529269508520763
1.6465241221586864
1.6733418750762938
1.774684271812439
2.71198969801267
2.1777045996983846
1.747060743967692
1.5781711192925771
1.5233338097731273
1.5273429083824157
1.622319982846578
2.185154193639755
2.504072926044464
1.8796723560492197
1.6085690196355185
1.4807216250896453
1.4537145908673603
1.5065027089913685
1.5969689826170603
1.6958169786135355
