16.195123467445374
7.367123225529989
6.405385073026022
5.829614799817403
5.430004523595174
5.113000482718149
4.788956552346548
4.391795845031738
4.1695659557978315
3.8265985520680745
3.660523453553518
3.491046067873637
3.2918434945742288
3.131855568885803
3.0700093936920165
2.9091068069140116
2.796170348326365
2.901035487651825
2.9315267316500346
2.7857136869430543
2.527891922791799
2.5511741622289024
2.4686919029553733
2.7771935550371807
2.6506733791033428
2.3426405946413675
2.1379394070307414
2.0221047635873157
1.9928338126341503
1.9918026717503865
2.120349649190903
3.5977450648943585
2.600235606034597
2.2187246330579122
1.9206039420763652
1.8029089872042339
1.7502088169256846
1.7910964953899384
1.844232816696167
2.6131461664040883
2.63999703168869
2.0639259107907613
1.8087933480739593
1.6739126483599345
1.652462855577469
1.6729751805464426
1.7462693230311075
2.5166602158546447
2.6851521730422974
1.9961866283416747
1.6833678420384726
1.5329804984728495
1.4820265046755472
1.500468791325887
1.6167541567484538
1.7395612899462383
1.8293500749270122
2.0684390926361083
2.6903068002065025
1.9955154327551523
1.626332083940506
1.4625988233089446
1.404339818159739
1.408296312491099
1.473878141641617
1.6203611107667286
1.6873593207200368
1.7158243548870087
2.5827327505747477
2.178529672622681
1.798387218316396
1.5039213987191518
1.3611736647288004
1.3340777730941773
1.3632673013210297
1.4127877807617188
1.5312281294663748
1.6146406666437785
1.6619557209809621
1.6432585656642913
1.6563632464408875
2.1442961537837983
2.212533491849899
1.8049849339326223
1.4814814269542693
1.3136197813351949
1.2416193594535192
1.2375396670897802
1.3339100762208302
1.4403139277299246
1.4975661389033
1.5767306113243102
1.6562428863843282
1.620341159502665
2.1985025930404665
1.9018288894494375
1.5045966657002767
1.3120797979831695
1.2027796884377797
1.1945508523782093
