6.144934804439544
4.64090092420578
4.034860098361969
3.577400951385498
3.145021008650462
2.764559479554494
2.4910212818781536
2.323809642791748
2.3552573970953623
2.200828346411387
6.077499247392018
4.553864028453827
4.008783458073934
3.484711689154307
3.063200192451477
2.6964090633392335
2.4688058002789814
2.2440210545063017
2.090802859067917
2.039119253158569
2.2372813844680786
2.072703139781952
1.908516804377238
1.8087689824899038
1.7567742701371512
1.750116757551829
1.7692818971474966
1.818265597820282
2.2857974223295847
2.2357931915918985
1.9329651741186777
1.6834314878781635
1.5746708850065867
1.53342098514239
1.5289811038970946
1.5703343407313028
1.621050085624059
1.7089332485198974
1.8233107030391693
2.336705122788747
2.051160159111023
1.7202873623371124
1.5506634092330933
1.4501870063940685
1.3991263445218405
1.4088233168919881
1.4624837330977123
1.549254420598348
1.71474271774292
1.9808800538380942
2.210131565729777
1.7644387622674307
1.544085943698883
1.4242963802814483
1.371302809715271
1.344907621939977
1.3831568857034047
1.4615844790140788
1.5145820518334707
1.5816943609714509
1.606382396618525
2.280376307964325
2.0132933123906454
1.7377465951442719
1.5626249198118847
1.432267476717631
1.3284427960713705
1.2961574804782867
1.2960326035817464
1.4141374957561492
1.4697268760204316
1.504247603813807
1.5389011204242706
1.5711374203364055
1.6093180509408316
1.7145325863361358
1.7618415602048239
2.144318526983261
1.8012359174092611
1.499967003663381
1.352484205563863
1.276602305173874
1.262992236216863
1.250015157063802
1.3047305782636007
1.3585400009155273
1.411825875043869
1.5416078289349875
1.584740287065506
2.0897015043099723
1.8500760110219319
1.5501709544658662
1.367270975112915
1.2761459430058797
1.2483478144804636
1.2556489598751068
1.2867317720254263
1.3256928312778473
1.3971497662862142
1.518625510931015
