17.080741675694785
7.356226593653361
6.4444581953684485
6.002324638366699
5.588528369267782
5.243005066712698
4.983651330471039
4.635861217180888
4.401617354551951
4.182416574954987
3.953171378771464
3.8003483200073243
3.649970343907674
3.3885485037167866
3.328845630486806
3.2934349449475606
3.2251121656099957
3.0546070289611817
2.908902303377787
2.75495090564092
2.89579643090566
2.8844350218772887
2.6253928661346437
2.446067312558492
2.359150433540344
2.9205270981788636
2.715122005144755
2.3757086412111916
2.293318349123001
2.124693908294042
2.3793013481299083
2.676357220808665
2.639658928712209
2.2481919411818185
2.100220569372177
1.9815764725208282
1.8954706803957622
1.8696084741751353
2.7954552817344664
2.5055030306180317
2.063656730254491
1.8592446287473043
1.7517201093832653
1.7392214636007945
1.7700516760349274
2.374556617339452
2.6656519118944804
2.220182853539785
1.9323819585641224
1.7258902883529663
1.6409139649073283
1.6316785009702046
1.680180455048879
1.7571827868620555
2.3917624147733054
2.5902603006362916
2.0121057522296906
1.7198031214872995
1.566135645310084
1.5295952335993448
1.543842439254125
1.6068273413181304
1.7127412529786428
2.002891590197881
2.5866738839944206
1.9354083597660066
1.6226110291481017
1.492152779897054
1.446829976240794
1.474196090300878
1.5859803362687428
1.66625958442688
1.7234451893965403
2.460479280948639
2.1711420492331186
1.7691917216777802
1.5272188572088878
1.4229841136932373
1.359067627588908
1.3764218417803447
1.4775513438383738
1.5879949752489726
1.693665678103765
1.759445470571518
2.612910021543503
1.8700543765227
1.5457131989796957
1.3838119486967722
1.315426519314448
1.323156476020813
1.3849318404992421
1.5247590200106302
1.873211532831192
2.308149902423223
1.7692123822371164
1.499713482062022
1.3441662669181824
1.291623563369115
1.3200122865041097
1.3930510524908701
