17.887332406044006
7.688212323188782
6.48646489461263
5.75936199982961
5.28991074403127
4.834967838128407
4.500602758725484
4.115248243808747
3.80954354206721
3.537854987780253
3.3242433865865073
3.2811539816856383
3.0305925273895262
2.909156829516093
2.866544477144877
2.667637906074524
2.5919717240333555
2.4501040291786196
2.539725976785024
3.029651553630829
2.722321286201477
2.4946228440602622
2.3465153872966766
2.1407195289929706
2.0384874788920087
2.0011574721336363
2.4387243139743804
2.9198068300882976
2.4671549733479816
2.146025547981262
1.9392633895079294
1.8286940522988637
1.8334492739041646
2.7397021023432413
2.3514209441343943
1.9861572953065236
1.79093834122022
1.7035888000329336
1.68831848859787
1.7380798264344532
1.8275808167457581
1.9669878462950388
3.036912287871043
2.360506935119629
1.9448812194665273
1.690804818868637
1.5512417912483216
1.5147449684143066
1.5847781399885814
1.6252585939566295
1.6966425029436747
1.74869553844134
1.776800937652588
2.0547745315233867
2.6314311091105145
2.10016254901886
1.7033256908257803
1.4987388209501902
1.4343647094567618
1.4267148113250732
1.4580373962720234
1.511188731988271
1.58384526014328
1.6465501952171326
1.7133211676279705
2.54987674276034
2.12034388979276
1.667336520353953
1.438982085386912
1.3393169490496317
1.3092340075969695
1.3399349864323933
1.4290609490871429
1.5325275007883707
1.5839454809824625
1.6207311042149861
1.6268720225493114
1.6467031641801197
1.6529902112483978
2.530655859708786
1.8640309691429138
1.5011538739999135
1.3139777755737305
1.2322517291704813
1.2336890017986297
1.27832781235377
1.3656973298390707
1.4393835028012594
1.5050334934393566
1.5526774974664053
1.5669198592503866
1.588970542351405
2.072515867551168
1.992906210422516
1.5365049604574839
1.3238598612944286
1.1950259969631831
1.1761843407154082
1.2032927513122558
1.2676063883304596
