15.212103751500448
7.224178557395935
6.398495608965556
5.9074832026163735
5.5904591290156045
5.233919859727224
4.93405728260676
4.655929164091746
4.351858095328013
4.1905468638737995
3.9859936690330504
3.8235344076156617
3.5929911883672077
3.4736612224578858
3.394856324195862
3.2415764999389647
3.2441757249832155
3.1190917746225995
2.8067423852284747
2.786698168118795
2.8248082359631854
2.7299428645769757
2.7804234719276426
2.566520459651947
2.3620982138315836
2.2873952190081277
2.8912591981887816
2.52944096326828
2.294683590730031
2.332916493813197
2.704697476228078
2.501821902592977
2.303600022395452
2.0475917013486225
1.9351857320467631
1.911896313428879
2.1356590330600738
2.897291805744171
2.3226272590955097
1.9959979085127513
1.841749978462855
1.7683181881904602
1.7854874153931937
2.1752789107958477
2.815345403353373
2.152537630001704
1.8573486491044362
1.70610715230306
1.6704166813691457
2.1161485465367633
2.3245439438025155
1.9821165780226389
1.7568592949708304
1.6531075044473011
1.6327024459838868
1.6980836510658264
1.7649475542704265
1.8545294221242268
2.82256933927536
2.0431880283355714
1.8114301892121634
1.651421421368917
1.5419239107767742
1.5321478199958802
1.5689015650749207
1.6745169103145598
1.72829528093338
2.3468760319550834
2.4134012111028036
1.848457501331965
1.5761351263523102
1.4519482858975727
1.4132224527994792
1.4652071305116017
1.7170433374245961
2.288511740366618
2.084370992978414
1.696571100950241
1.4865641482671101
1.4039970541000366
1.4154748737812042
1.4726731606324515
1.548660710255305
2.125029807090759
2.17920668721199
1.7338602006435395
1.5012701968352
1.403499619960785
1.3634873123963673
1.4179619650046031
1.4992834289868673
1.5872205889225006
2.431160187323888
1.957822325627009
1.725265458424886
1.505665932893753
1.3757203261057536
1.326857070128123
1.3338832032680512
1.3961701889832814
