17.24568849958414
7.704298832673721
6.345975948144674
5.63688092051025
5.175684987282266
4.707507246784844
4.312621793663537
4.042539909351672
3.725936020776065
3.495977001357009
3.2211412688385987
3.15986416430237
3.0362008688401203
3.2027768136460995
2.839147411351996
2.6811100769321006
2.9363068463850994
2.8166885633162786
2.6737072401769653
2.48095187848928
2.390963548126443
2.228018593857657
2.276542744205575
2.2296704050403293
2.167315755224089
2.8777593690521863
2.5054793121515835
2.3057659756685487
2.0283554253703304
2.0266869318380993
1.9320081979818315
1.925791558301831
1.9245643087448254
1.9639545161244474
2.008741152877363
1.9933657548865493
1.9476449180274942
2.9518722264481703
2.4224933563098965
1.9216463871669491
1.7270894088828528
1.6627643501098233
1.6456104954894708
1.7006069640724026
1.7495298524639697
1.864647318948462
1.8590269589215604
2.676817814393224
2.1531471083532616
1.7809427583877964
1.6085885763168335
1.639306588006089
1.5803756529666244
1.6178850171864902
1.6342082586649902
1.7056143287319483
1.8347354950084631
1.7668260832917237
2.5377402945093093
1.8564643939799539
1.5969776773591777
1.587049666716128
1.4977327731190895
1.4875159218429477
1.4900164041157715
1.50159740795547
1.6079074502338822
1.744851267025005
1.7589990397583986
2.392222599454941
2.036221263360004
1.67157540689752
1.4729501895237247
2.1473054833731915
1.7381408370966118
1.478310493964148
1.3587955059184973
1.327935507276663
1.3588505886038955
1.4234412974588377
1.5420582826214004
1.6047424206580783
1.5909490891170224
1.5429580750340275
1.529500135179859
1.5430805533689937
1.610166482258121
1.5758103761311524
2.002179894085876
2.056762067986647
1.6515612355474132
1.4435731360238078
1.347456481644433
1.275560046423976
1.3024867057105196
1.3482218310019713
1.4188354724350198
1.4720355022057847
1.6013411658845906
1.5725389020436011
