18.193040917714438
7.859775554339091
6.5423799880345666
5.834337991078694
5.390269020398458
4.990836613178253
4.598504855632782
4.278405732313792
4.017908278306325
3.7356512482961017
3.449998164176941
3.3033146778742473
3.1424348529179893
2.996624955336253
3.0232213457425434
2.7814824374516807
2.5540245032310485
2.6161823670069375
2.787702137629191
2.794727450211843
2.528332978884379
2.294432056347529
2.1537057149410246
2.1045367352167763
2.1033465715249378
2.8169439295927683
2.903260133266449
2.3963790746529896
2.140289444128672
1.9586170891920724
1.8926253843307494
1.8457970786094666
1.8968690951665244
1.9344195222854614
1.9981996111075084
3.051098285913467
2.515138241449992
2.0386519487698873
1.9847594205538432
1.9818871879577638
1.8347274068991344
1.686871234178543
1.6463229310512544
1.6657469856739044
1.7023839747905731
1.781422936518987
1.8522640291849772
1.8716349856058756
2.7600219921271005
2.3085002732276916
1.8539432390530903
1.6625152178605398
1.6321419429779054
1.5223564950625101
1.5014571877320608
1.5189020156860351
1.5625733876228332
1.6467220644156138
2.3513912800947825
2.2518032717704775
1.8386986899375914
1.5944117760658265
1.4279680776596069
1.3652984003225963
1.401544941663742
1.4507794380187988
1.5514010739326478
1.604714895884196
2.2478788685798645
2.0862680117289227
1.6620146469275157
1.4385359354813894
1.3317543725172678
1.3096445806821186
1.3371584391593934
1.4177059757709503
1.5303185403347015
1.6222629980246226
1.656181739171346
2.5225641345977783
1.992655549844106
1.5584617777665457
1.3485092103481293
1.2402462232112885
1.2186308292547863
1.2606244842211405
1.3404780952135722
1.4057029048601786
1.476959775686264
1.5272044920921326
1.665624843041102
1.6535352075099945
1.5845550358295442
1.4792094536622364
1.4336973996957143
1.4162069563070934
1.4290884411334992
1.464365238348643
2.112608498732249
2.137087256113688
