16.38670119583436
7.743425769587301
6.386174413741148
5.682640421356376
5.181153942998979
4.676535823625275
4.3670686240865715
3.959207967222591
3.6719578658270633
3.4306287116512526
3.262421379799829
3.083634454404727
2.985645792204193
2.968552579169287
2.7528508098897415
2.6057726134543433
2.9430893984086874
2.7652000158085865
2.4863220709442753
2.291139759101977
2.214074607564932
2.515506344743308
2.9146481714822503
2.436500105270342
2.282183005338412
2.042615454313065
1.9509204130801225
1.9196656839895385
1.9560716336641066
2.023706807448051
2.9752494776488034
2.420128421318907
2.0094049834248673
1.8136137969855934
1.7323419624208378
1.7332130414367064
1.7827163169582116
1.8638643333768434
2.3214422737629845
2.6352046731549894
2.0886304959185145
1.7743131099935932
1.6390506766928643
1.6019114962963115
1.6279721529914177
1.694331355286191
1.7702396018457276
1.8734709338677304
2.579090273482752
1.9675378908742123
1.677603987021569
1.5275195246098034
1.490022436254004
1.5280657566037765
1.6140463140427554
1.7366187029376754
1.7726367688110702
1.7638498606176294
1.7436488057275898
1.7028835079389861
2.1041088408248814
2.1385441485653636
1.664309087318814
1.4673836682109231
1.3872822232779254
1.3889652975650777
1.4507815913006366
1.5159926872198766
1.6152376629903187
1.6837361156086526
1.6855381788701929
1.6415387101706256
1.5868492614915515
1.5534186096792577
1.5644701295732426
1.5707625540074783
2.112461540282285
2.1562617197419307
1.6214974903445531
1.3987957512410119
1.2929933265833595
1.2461088458583143
1.2597166009482135
1.3415037540446721
1.4513757768538074
1.5395701580539474
1.5745435355385942
2.37035084214798
1.8446957959145052
1.4980150218679433
1.3163438768988012
1.240741409340014
1.222726459318724
1.2818403534356366
1.387324601326426
1.5276499747546832
1.592827143846747
1.5153948458013016
1.8873057478136865
1.9520363076710086
