16.70783141930898
7.199780082702636
6.41954492410024
5.866252086957296
5.509399925072988
5.234742793242137
4.8781525079409285
4.635768814086914
4.4584645326932275
4.163844077587128
3.9821258838971456
3.7861157258351645
3.699643073876699
3.5051307614644367
3.364283047517141
3.21951451142629
3.147882772286733
3.025119024117788
2.8903241594632467
2.722751620610555
3.0640253313382466
2.866877047220866
2.5932683157920837
2.445219238996506
2.4009993926684063
2.288266908725103
2.2100778794288636
2.7678120640913644
2.871854770978292
2.480105619430542
2.157438814242681
1.975663989384969
1.8900987084706624
1.9179543940226238
1.9817028379440307
2.9744957824548086
2.7177803524335227
2.2682780249913534
1.9359783176581065
1.7869225462277731
1.7221853458881378
1.7475135135650635
1.8183194569746652
2.862784346739451
2.2157294634977975
1.8744630686442056
1.7043277219931285
1.658642016251882
1.6722341056664785
1.7413244012991587
2.7466319847106933
2.3222305313746134
1.8767590435345967
1.6496835883458456
1.556568306684494
1.5339309918880462
1.5917587594191234
1.6964254820346831
1.777153165737788
2.7372023753325143
2.0796976149082185
1.7239370413621267
1.5455592560768128
1.4697069684664408
1.4725628916422526
1.535624409119288
1.6005020240942638
2.5209979661305746
2.1295592737197877
1.7015212686856587
1.4920180269082388
1.4049521017074584
1.4024140087763468
1.4601118004322051
1.5292049372196197
1.6355451468626658
2.208875135978063
2.265015211502711
1.6952818862597148
1.477372451623281
1.3868633981545766
1.3697329727808634
1.41039298137029
1.911851849158605
2.2899669086933137
1.8059197823206583
1.4983915452162424
1.3523849054177601
1.2972667014598847
1.3098587862650553
1.4365277854601541
1.6328328053156536
2.4016250177224476
1.8352412660916646
1.503875138759613
1.3464147134621938
1.2728607519467672
1.2804822365442912
1.3453253904978435
1.4340832316875458
