18.045101165771484
7.641494151751201
6.393603482246399
5.828853958447774
5.326572200457255
4.872806530793508
4.541461384296417
4.177238043149313
3.923198177019755
3.7447066275278726
3.5560346563657124
3.2765213465690612
3.207821884950002
3.08111393849055
2.958569753964742
2.902127584616343
2.8699550183614093
2.7205267643928526
2.581884909470876
2.53093644062678
2.848782209555308
2.58897483030955
2.3223876321315764
2.1827611935138704
2.4013706731796263
2.77767958799998
2.8313905294736226
2.2754070933659873
2.0069561219215393
1.8975040582815805
2.0798727750778196
2.79866157690684
2.4621985880533854
2.1250016431013745
1.8916423360506693
1.796516479253769
1.7924001117547352
1.8037851997216543
1.9206429930528004
2.9548899841308596
2.3377235158284506
1.9139486185709635
1.7295388921101889
1.649562060435613
1.632151451508204
1.6680337838331858
2.3687760186195375
2.7128888893127443
2.225779674847921
1.8432229415575663
1.6112922910849254
1.5097950438658396
1.5004877591133117
1.5406064836184183
1.6318489519755046
1.747494554122289
2.229933648109436
2.3286477931340537
2.1478588660558064
1.7480596892038982
1.5210898780822755
1.4794108585516612
1.4925913079579671
1.4974812960624695
1.5552514998118083
1.6277346229553222
1.6905268355210623
1.7376313443978628
1.742199467420578
2.56730037411054
2.000619001785914
1.5851977586746215
1.3942069864273072
1.3384105487664542
1.3427988612651824
1.391064233382543
1.4585641487439474
2.250220193862915
2.0160746224721273
1.606430208683014
1.3962178671360015
1.2965682264169056
1.3294193577766418
1.3814150055249532
1.4733615668614706
1.5461039821306863
1.6468761372566223
1.6192622598012287
1.5927393984794618
1.5591001331806182
1.55490021109581
2.3370486867427824
1.999993285338084
1.5403457653522492
1.3398063878218334
1.247494543393453
1.2157120569547017
1.2882433867454528
1.3400366457303365
1.4795869433879851

