15.0015398200353
7.04235298315684
6.12825792312622
5.631791718800863
5.185322938760121
4.811748764514923
4.477867020765941
4.164344601631164
3.9037678480148315
3.7535840678215027
3.575800146261851
3.3928048570950824
3.249190143744151
3.0957153272628783
2.928826956748962
2.915471288363139
2.834789814154307
2.796063350836436
2.747990831534068
2.6499804870287575
2.773846526145935
2.5152359263102215
2.236883401473363
2.0907738717397053
2.0404029798507692
2.1119383656978608
3.6490587536493937
2.5935858289400735
2.1998362199465435
1.9729641862710317
1.8741939576466877
1.8516018466154733
2.924203796784083
2.5771591814359027
2.1187747502326966
1.867853008111318
1.752620457013448
1.7236713608105978
1.7439384957154591
2.8472617348035176
2.4576144965489704
2.104039750099182
1.8691015978654226
1.6956136441230774
1.619478032986323
1.6314998535315195
1.7049866565068563
1.7806798779964448
3.1450160868962604
2.2943062750498453
1.8422498786449433
1.6201119259993235
1.5115084330240884
1.5001902031898497
1.5527485052744547
1.6314734693368276
2.533081467151642
2.1562366477648416
1.7887283317248026
1.6182787744204203
1.503929611047109
1.5022178816795348
1.541128313144048
1.6255381902058919
2.520653327703476
2.159580800533295
1.7510021086533865
1.509714162349701
1.407766798734665
1.381977212826411
1.4320998406410217
1.5608741625150044
1.801318826675415
2.4845245695114135
1.8008872735500336
1.5090430823961893
1.3693464414278667
1.348647378285726
1.3860509796937306
1.4859328536192575
1.599564311504364
1.758876678943634
2.5826744922002156
1.9146683899561565
1.538859530289968
1.363797921737035
1.2989970405896505
1.2720149528980256
1.3201462256908416
1.403865206638972
1.5176052208741506
1.631851518948873
1.7551123491923015
2.550032713015874
1.8296779251098634
1.484799518585205
1.3060099148750306
1.237175653775533
1.2312769017616907
1.2907831799983978
