18.003828813234964
7.3912027549743655
6.589826555252075
6.154546081225077
5.776214303970337
5.504775768121084
5.252595053513844
4.977109835942586
4.838561143080393
4.662209703127544
4.473133895397186
4.223098316987356
4.099006468454997
3.9786999877293905
3.742976896762848
3.7666903376579284
3.4920607956250507
3.3668137550354005
3.4030349906285604
3.2747637097040814
3.118203553358714
3.1697358083724976
3.0020790870984397
2.889444408416748
2.964018921057383
2.8701384329795836
2.789792052904765
2.5363550353050233
2.5523425698280335
2.6282824858029685
2.46909662882487
2.2958754603068035
2.433031307856242
3.026544996102651
2.4766414395968117
2.1908069399992627
2.0601833844184876
2.0887901544570924
2.5625016152858735
2.8768013429641726
2.269339153766632
2.0510361071427665
1.9381463797887166
1.8936923503875733
1.9375141990184783
2.245111859639486
2.9296967514355976
2.3256898987293244
1.985909767150879
1.8202623454729716
1.7682042674223581
1.7671763269106546
2.511616132259369
2.3896925322214764
2.096778380870819
1.8168436872959137
1.7136846347649892
1.6941595963637035
1.746694093545278
1.8644983903566996
2.707282488743464
2.318006455898285
1.8719081739584604
1.6837079056104025
1.6244314217567444
1.6292197652657827
1.6591919604937235
1.7494991477330526
2.5906701548894246
2.222267944018046
1.8027841746807098
1.6206132165590923
1.5461992049217224
1.5479090476036073
1.612732596794764
1.7214525544643402
2.710987678368886
2.046477321783702
1.6965471371014913
1.5328623008728028
1.4708251063028972
1.515114860534668
1.5922678391138712
1.6602259389559428
2.4571049340566
2.0844684016704558
1.7017778543631237
1.5297860860824586
1.429969535668691
1.4506546076138813
1.5156620987256368
2.0748863593737283
2.358272929986318
1.9611954033374785
1.6079887692133585
1.4551666196187336
1.4021654669443766
1.420851066907247
1.4810300902525584
1.5489979028701781
1.6530165044466654
1.6761050307750702
2.3882058294614157
2.011556500593821
1.6053708859284719
1.4479316194852194
1.3600699480374654
1.34803422609965
1.3991223168373108
1.5053982059160869
1.6590791428089142
2.535831174055735
1.974186724026998
1.663397762775421
1.4460191420714061
1.3459099630514781
1.3124494556585948
1.337313077847163
1.422054830789566
1.530292888879776
1.696140962044398
2.4733574481805167
1.907560396194458
1.569299967288971
1.3918938823541005
1.317341783841451
1.3193985541661581
1.3521329017480215
1.4676288108030955
1.5614577229817708
2.3174723243713378
1.987474360068639
1.68287153840065
1.6765229308605194
1.4575123516718547
1.3226932617028555
1.2888034768899281
1.3015440821647644
1.4109046423435212
1.5287457235654196
1.5131270182132721
1.5593126090367635
1.5932682633399964
1.58406125664711
1.5403912969430287
2.331910253763199
1.8911626386642455
1.5319511862595876
1.3570420408248902
1.254574468533198
1.237875708738963
1.2753847567240397
1.3280499744415284
1.434495054880778
2.3339536782105763
1.9935067907969157
1.6076931428909302
1.3803845771153769
1.277462195555369
1.2331248569488524
1.236598215897878
1.2808088664213817
1.4212629238764445
1.5029130208492278
1.599370735088984
1.8951249531904857
2.2448218766848247
1.7319481706619262
1.4387935880819958
1.291129640340805
1.2196314891179403
1.2159082154432932
1.2593887317180634
1.324974493185679
1.4379539012908935
1.542431366443634
2.3299249080816904
2.0228353532155356
1.594545790751775
1.4289068714777629
1.2838642299175262
1.2260266488790512
1.235042415857315
1.2327135006586711
1.28661994099617
1.3767380174001058
1.6053496241569518
1.6021319170792898
1.518076744476954
1.452483016649882
1.5650116463502248
2.2026778837045033
1.914290526707967
1.580517023007075
1.3777111411094665
1.2542944852511089
1.1958834556738536
1.1588951301574708
1.2105226083596548
1.2777089248100917
