22.19623363494873
10.395756823221843
7.914500749905904
6.633610952695211
5.856749701499939
5.225829108556112
4.799467250506083
4.426169038613637
4.030508856773377
3.7407847817738853
3.4428148063023887
3.3131935381889344
3.1207998530069987
3.013055390516917
2.8473762114842733
2.7238502144813537
2.6478855919837954
2.610367337067922
2.987035892804464
2.869590539932251
2.5891040857632954
2.3590244023005167
2.229195584456126
2.1944707612196606
2.203648506402969
2.5271795252958933
2.6870746262868246
2.297260772784551
2.0689048528671266
1.9577088765303294
1.9232167140642802
1.9500348281860351
1.9585819379488627
1.982543062766393
1.9888591468334198
2.0405416973431905
3.029237863222758
2.2722190181414286
1.9105612027645111
1.7211215849717458
1.6621578784783682
1.6518895065784454
1.6764741841952007
1.7269567163785298
1.789060050646464
1.8146265137195587
1.8238999144236248
1.829988073905309
1.8000313345591228
1.7834255476792653
2.2918264226118725
2.346163928111394
1.8697919511795045
1.6027078680197397
1.4805815891424814
1.428801747560501
1.4425731615225474
1.505241950750351
1.5887164481480915
1.6380108062426249
1.6353400695323943
1.668197939793269
1.6735988120237986
1.6649318782488505
1.637221659819285
1.6034704418977102
1.6079962797959646
1.5991095999876659
1.59287202556928
1.61018230954806
1.595619381268819
1.5607770768801372
1.5578937542438507
1.5536813636620839
1.5205772193272908
1.5175027763843536
2.3849396987756095
2.1146508276462557
1.6530550316969554
1.390184556643168
1.2478818108638128
1.1956458510955175
1.1971476048231124
1.2814543930689495
1.2972797481218974
1.350857963959376
1.3851303132375081
1.43556800087293
1.4434050818284352
1.483488555351893
1.4903810886542002
1.4951347172260285
1.5261127070585887
1.4972610835234323
1.4193416257699332
2.313556803067525
1.834891829888026
1.4653299323717752
1.2650725436210633
1.146754193107287
