14.850145848680672
7.015073438872866
6.08781109812532
5.6128410502728645
5.1905464056806645
4.819425963425703
4.525981800137788
4.2576019929976185
4.0530608484007855
3.8422113527494552
3.7064148602711455
3.526109128277282
3.34352734029127
3.157484554646739
3.0820313854801955
2.8209194685423276
2.8646927012706533
3.024262699908201
2.747886403357418
2.5114406908455003
2.4464757562015715
2.564158978236419
2.8282326914805886
2.499880703710912
2.3897672466580913
2.207461398956171
2.0643234159953083
2.002320591121663
2.065336944333026
2.7345283194172683
2.669312704904498
2.252310258432351
1.9613974263741114
1.8196183290322179
1.7877345496897579
1.8436940453510762
1.8891727396372633
2.6612821325950304
2.383817967930212
2.0681293704715613
1.9820188874985847
1.7316305673886143
1.649354989814227
1.6680947173604725
1.7289697595957594
2.4322092622767584
2.3981111514535125
1.9560929467087005
1.6680687596206878
1.5405460034904375
1.5312779809771142
1.6394740070805245
1.7281358089287633
2.120446087590167
2.329768296071746
1.7944147387586928
1.5640213047893599
1.4779321752218815
1.479012408628437
1.5575684385379376
1.6401959006832836
1.7414327325263064
2.578337900817892
1.8503218331376823
1.539103349271259
1.415554539406864
1.3790766787728228
1.4311354967212944
1.5182245657636595
1.784832702705787
2.3637105292928586
1.7190380707424664
1.4734703680931027
1.3640450023342972
1.3551044118769653
1.437600362267667
1.5428280923359905
1.6462875594667739
1.6747071713126138
2.446270184596601
1.8622842382919822
1.4847482691900311
1.330758471674906
1.2742027768185544
1.3022727803599536
1.370608891617289
1.4996914587977206
1.574266398185475
2.170693423090539
1.938306929673325
1.5790936462062315
1.3712028839461983
1.276681524465343
1.2663254575144947
1.338022259616586
1.460580303144322
1.5671506260098853
1.9457853766869038
1.94861873677182
1.525652365432144
