14.720625219574893
7.179146147636046
6.1570174679698715
5.601159180503294
5.099088512271283
4.803065653306892
4.524544096136668
4.180625288601381
3.9280434933053443
3.6797392619661538
3.5693264474351722
3.312710377825312
3.118197825299688
2.9525915269392082
2.8427765857742493
2.9300619299153245
3.1732540741024247
2.6664188044616974
2.4263361376452157
2.4861038108187987
2.4524691406502783
2.346777064254485
2.2246375550706703
2.1592830652932085
2.522607483777655
3.1551915665706955
2.447436176150678
2.076293211385428
1.8869250036147704
1.8280656739889858
1.839120454816933
1.9030547651899867
2.9527458329516723
2.5869394468973916
2.037706527006195
1.7931650826729923
1.7013875479439655
1.690864217927657
1.7680391471788108
1.8873462899621711
2.490347680916269
2.598547048597451
1.9974879428564785
1.6966558809739998
1.56596035591091
1.5509381972881684
1.6095149104135582
1.7123069497476142
2.6480750488229545
2.16193050936044
2.028760905366346
1.6867202207984695
1.5096398462732155
1.4476515654339848
1.4959542722587127
1.572499893515943
1.975100258387715
2.4731126352246986
1.9893698365573425
1.615487543933363
1.4488545925502319
1.3988989943481354
1.4441822803164104
1.517293832388269
1.6177659217851708
1.6945152487381394
1.7346395778368755
1.7044635982398528
2.10715234925948
2.2644466348441252
1.7353120683187462
1.451859259102718
1.3245548035006924
1.299686716981681
1.3447845143726074
1.43263401109052
1.5584083533430675
1.735711484429348
2.2584668756967567
1.9133808375841164
1.518429160118103
1.3235723203923329
1.2593524606831104
1.2791840750050831
1.3746419171971012
1.443963018526514
1.524692389620356
1.5959865845829608
1.6187000102307423
2.3410294037985513
1.8928751884454704
1.4775834819638585
1.2926501229584935
1.1991899735238178
1.2061187253299965
1.2551674767431007
1.3368162882615284
1.4552580588553325
1.529722402612847
1.5897500863276333
