23.69808032989502
11.6847945022583
8.836910629272461
7.369083711306254
6.523311125437418
5.922939505577087
5.399824822743733
4.963691097895304
4.587245234648386
4.300837314128875
4.032353361447652
3.888547477722168
3.7336876591046653
3.6221208159128824
3.5117054947217308
3.369304546515147
3.361514904499054
3.49766410668691
3.2849198293685915
3.180590723355611
3.196037073135376
3.1253830138842265
3.1092773056030274
3.146746591726939
3.121591409047445
2.9590258026123046
2.842650195757548
2.9002507479985553
3.005645469824473
3.119890708128611
2.8859360432624817
2.902062087059021
2.727078762849172
2.670974762439728
2.884842274983724
2.9566741665204366
2.6892236908276876
2.608844361305237
2.9930431826909385
2.8677724695205686
2.5635344338417054
2.611419843037923
2.9121127406756084
3.056620328426361
2.7417274101575217
2.4571143889427187
2.338972619374593
2.5128573346138
3.2736787311236064
3.001190764904022
2.6217493788401285
2.381871491273244
2.2973664506276448
2.3617745288213094
3.458831300735474
2.98536519130071
2.5862735382715862
2.506889683405558
2.4470811168352764
2.3610485633214315
2.980896422068278
3.0754220255215965
2.702674355506897
2.4762634682655333
2.334937122662862
2.3291588759422304
2.3597722538312276
2.5853597935040793
3.531510237058004
3.0314805165926617
2.6232805347442625
2.357460262775421
2.260551511446635
2.3053546873728434
2.713680326938629
3.491876112620036
2.933197875022888
2.6683936810493467
2.5283115617434184
2.688003606001536
2.531159453392029
2.4088028923670453
2.4285445920626323
3.1809864767392475
3.2836165253321328
2.9995036474863688
2.7577084501584372
2.487661363283793
2.5590900230407714
2.926501131852468
2.740354770819346
2.6996069582303366
2.9372483777999876
2.891695037682851
2.764655141830444
2.5551402107874552
2.5045057360331215
2.5558516256014507
2.6594819513956707
3.874682011604309
