16.427072561914393
7.560350512365216
6.228461552486037
5.468636829736923
4.925646222423346
4.37237836160086
3.949373172825592
3.714741718461657
3.463974193720558
3.2533116415783465
3.0565780636915845
3.012371272275646
2.8304124500143493
2.7541986078792453
2.7190343759804536
2.8571440340113163
2.815791250983077
2.5406889696859016
2.411199565603262
2.3651887332129276
2.5252416755545104
2.31327316549241
2.208935800801034
2.430690144399517
2.5894142030644893
2.286768994222056
2.0371310864615237
1.9274155919394724
1.9166763003029592
1.972637372918662
2.01413809262579
2.5363643599786183
2.675479358110182
2.269531537946794
1.9101399241340877
1.7396142455431656
1.681021939717596
1.698118965741898
1.7784878534710509
1.8632660362986917
1.9181451305618942
1.934164932942322
1.9029002896694194
2.717967676228302
2.1023990882501904
1.7473276809156795
1.5740098837111947
1.523369396996703
1.5363893638709214
1.6145714108103668
1.7192519172214846
1.8171638438216595
1.836833217765677
1.7762220039067091
2.5416622749372335
2.0786241798482856
1.69472825424719
1.5017633007727242
1.411006948326242
1.40479101082657
1.451126665645479
1.5771582792686527
1.7444389095279071
1.7360145745099786
1.687382639308372
1.630980742011849
1.6182771705966283
1.6365694477086763
1.6187098586456823
1.6158619760442259
2.3097824886398532
2.0020056382291296
1.5926844493024328
1.391338714214314
1.2998648280742175
1.2900401032756599
1.3359551679097479
1.4297611839791766
1.5139907567753832
1.6150426502555695
1.9972895298441364
2.0587509218123032
1.6190734360484476
1.3896144413333227
1.3001774057617843
1.370362521584191
1.360705686162058
1.3915134692260391
1.4708375982022217
1.5163190135983136
1.5498288497542243
1.5686722645445335
1.541407389080627
2.05456744463191
2.0077671919306233
1.581678036632374
1.3495367919134889
1.2487551315466108
1.204868207688318
1.2166059128192912
