16.713819392522176
7.318503824869792
6.354377964337667
5.838565572102865
5.388916474978129
4.892513265609741
4.646655961672465
4.273026849428812
4.053166965643565
3.8098060647646586
3.5654034638404846
3.4998279627164206
3.3106587529182434
3.0806002656618756
2.897405468622843
2.9971233105659483
2.7481858046849568
2.8352806838353475
2.6649293367067974
2.6612695995966593
2.7371796623865765
2.7932541863123577
2.460065064430237
2.228122978210449
2.3122350692749025
2.7021877797444662
2.4921812176704408
2.2048209834098818
2.009234733184179
1.9133855998516083
1.8931922403971355
2.7740691196918488
2.729727927049001
2.162182819445928
1.9133134333292643
1.7706759985287983
1.750888465642929
1.7729999566078185
1.8684957059224447
2.6930173401037854
2.674146361351013
2.299838236172994
1.8960108546415966
1.6862777348359426
1.5938434783617657
1.577407995859782
1.6327483363946278
1.7239650507767996
2.9357459302743276
2.277323348522186
1.8772925817966462
1.6220073215166728
1.5098045484224956
1.4978490626811982
1.5317286864916484
1.6238807324568432
1.7108364816506703
2.5566548653443655
2.2774743195374807
1.7998827115694682
1.5469680869579314
1.4500862542788189
1.4488900367418924
1.4716517198085786
1.5453469876448314
1.6613945750395458
2.678809959491094
2.025340062777201
1.6361900266011555
1.4544654695192973
1.36915785074234
1.350504196882248
1.429749397834142
2.3546282970905303
2.014437475601832
1.7609094313780467
1.5010888989766438
1.3818230175971984
1.3344000840187074
1.3663459153970083
1.458405382235845
1.5596003492673238
1.6122250326474508
1.6474675393104554
2.227534989118576
2.1467549872398375
1.6537624124685923
1.4301838497320811
1.295312629143397
1.2625882677237192
1.2952101373672484
1.3766884545485178
1.494820620616277
1.5697004508972168
2.2044961694876353
1.9438708515961964
1.5299789754549662
1.3397707951068878
1.2469667458534242
1.2200019482771556
