16.53006511370341
7.296272687911987
6.352280731201172
5.856138911247253
5.437791191736857
5.150197801589965
4.8289916507403055
4.5759249114990235
4.265890328089396
4.023729353745779
3.7994577439626056
3.695423946380615
3.4521126453081767
3.276897824605306
3.1825715613365175
3.0925379467010496
2.893769166469574
2.874229959646861
2.703100191752116
2.8151466647783914
2.8353876527150472
2.514733628431956
2.3994243375460305
2.224391515652339
2.305340082248052
3.165131305058797
2.6046242968241375
2.35714465936025
2.13139306863149
1.9739764972527822
1.8996033990383148
1.9443036981423696
2.5234805941581726
2.9788385287920636
2.3625699917475385
2.000843718846639
1.843219562768936
1.7785067562262218
1.752608786424001
1.783726594845454
1.908665988445282
2.863895455201467
2.601899425983429
2.0187918146451316
1.762370714743932
1.6330310181776682
1.6090593429406483
1.6527441517512003
1.753152647415797
2.6403015180428824
2.380084491570791
1.8911445573965708
1.676566264629364
1.5587914029757182
1.5332983112335206
1.565784285068512
1.6703468636671701
1.7611173979441326
2.630761693716049
2.247727787892024
1.761379107236862
1.5575877038637798
1.459549259742101
1.4437457009156545
1.4944127917289733
2.0083024112383523
2.401059596935908
1.789436189730962
1.5430975655714672
1.4301939046382903
1.4086943038304647
1.469068209330241
1.5299316720167795
1.6143929127852121
1.6898291536172232
2.558591312567393
1.9568821875254314
1.5884966925779977
1.4108803753058117
1.340315155585607
