17.338274812698366
7.536035215059917
6.497642340660096
5.870034248034159
5.464059109687805
5.105664077599843
4.771537178357442
4.420890687306722
4.164056758085887
3.9214262398084005
3.7248314960797626
3.5264441855748494
3.455831453005473
3.162274847825368
3.1695523619651795
3.021496820449829
2.985144652525584
2.8818536869684857
2.784166251818339
2.6196252711613974
2.6070429992675783
2.9709831269582114
2.712144964536031
2.5069068630536395
2.27994818687439
2.221033242146174
2.2512150061130525
3.2026716550191243
2.910018788178762
2.3764778463045757
2.2007510419686636
2.1005598374207817
2.495787018140157
2.6203728540738425
2.4206561493873595
2.125713140567144
1.9970679239432017
1.9673242219289144
2.097954742908478
3.0957319458325703
2.39785679936409
2.060457008679708
1.8769079736868541
1.8176567113399507
1.8122507758935293
2.5533348226547243
2.708400367895762
2.1954983214537305
1.8934717631340028
1.7680635054906209
1.7669646469751994
1.8270612096786498
2.486708447933197
2.665739531517029
2.220044215520223
1.8680672192573546
1.69915358543396
1.6581884090105692
1.7068934794267019
1.8320343136787414
2.041069666147232
2.971208198070526
2.2034646781285603
1.8850301416714985
1.699132748444875
1.6053210278352101
1.6127297858397165
1.696072674592336
1.8303268774350485
2.702240621248881
2.4411269648869833
1.9888972091674804
1.7136199649175008
1.5804138878981273
1.5478381748994192
1.6027248366673787
1.715554818312327
1.814741027355194
2.598187580903371
2.531740927696228
1.99207768201828
1.6827086528142294
1.531828742424647
1.476125966310501
1.5212315825621288
1.6097909319400787
1.7703936338424682
1.8646200374762216
1.863936574459076
2.820906256039937
2.2654080863793693
1.790455195903778
1.5616632866859437
1.4614070896307627
1.4394087866942087
1.4986780162652333
1.5682560467720033
1.6867438352108002
2.7622665576140086
2.2823449261983235
1.778489393790563
1.5516381899515788
1.4360387031237285
1.4284324443340302
1.4587242035071055
1.5361414774258932
1.6848737092812855
1.8042650544643402
2.6546625757217406
2.2884076261520385
1.7770664739608764
1.5439987075328827
1.4299499630928039
1.415299510161082
1.4455637351671855
1.5330065492788951
1.6396733025709789
1.7240659260749818
2.6238491785526277
2.2062948727607727
1.7465370750427247
1.5185726062456766
1.4167833356062571
1.3932017576694489
1.465756859779358
1.5211330131689706
1.6350353161493938
2.015871209303538
2.540211829741796
1.8455736720561982
1.5801025350888571
1.4344740176200867
1.384901692867279
1.3987041381994882
1.4705215259393056
1.551157329082489
1.6198888659477233
1.7253817359606425
2.6761930922667188
2.1850057470798494
1.8817519283294677
1.817324506441752
1.5467074938615164
1.4020299498240154
1.3577816847960154
1.3591076544920604
1.4343204843997954
1.4865773729483287
1.561246101061503
1.7110826873779297
1.951959441502889
2.649297768274943
1.9870448446273803
1.6425441511472065
1.4582376325130462
1.359779842297236
1.3361113397280375
1.3446049245198568
1.4009102197488148
1.534946738878886
1.718827914794286
2.5536244893074036
2.2059468289216357
1.807747848033905
1.5284954373041788
1.3960404706001281
1.3276996517181396
1.3249523762861888
1.3763297132651011
1.4420810453097026
1.533056497971217
1.5781564211845398
1.637522097826004
1.720454950730006
2.562018879254659
2.069751945734024
1.757270032564799
1.5079550568262736
1.3799381005764007
1.3229449478785198
1.3114805630842845
1.3506636504332226
1.4237387204170227
1.5395452896753947
1.7936222406228384
2.6508716917037964
1.8991870089371998
1.59122771581014
1.4133236928780875
1.3303089153766632
1.3041423439979554
1.3322085531552632
1.382401872475942
1.4719430724779765
1.540677959918976
1.687615340948105
1.9874173573652902
2.5275057713190714
1.8338275102774302
1.5453639423847199
