16.88265233675639
7.375209794044495
6.424725178082784
5.857022603352864
5.3900605487823485
5.040802683035532
4.697472635110219
4.401590625445048
4.112595266501109
3.879078195889791
3.6466739424069723
3.497241425514221
3.2238634848594665
3.021593861579895
2.971944960753123
2.939792718887329
2.945432665348053
2.668943327267965
2.5687699111302695
2.7149125560124716
2.98881739060084
2.5250342615445454
2.2621886706352234
2.108229046265284
2.780616157452265
2.7252449282010396
2.465349258581797
2.1353138677279153
1.9902142111460368
1.9277735952536266
1.9197529089450835
1.9340404522418977
2.963860504627228
2.860500810146332
2.2318048564593
1.9236091013749441
1.76445583820343
1.7162892003854116
1.7266844932238261
1.7718130135536194
1.8403130710124969
2.9483924043178558
2.458706885576248
1.9393503256638844
1.7158547695477804
1.6088815196355184
1.586100647052129
1.6534262911478679
1.7328582763671876
1.8160128835837046
2.903578059275945
2.302613532940547
1.8502521228790283
1.6052855968475341
1.5078697975476583
1.4772226671377817
1.5074420591195425
1.5930610585212708
1.6870631496111552
2.650552514791489
2.292111200094223
1.773854794104894
1.5398670347531636
1.4356265795230865
1.4083510581652323
1.446848460038503
1.5568108387788138
1.6497260137399037
2.344094129403432
2.1712337732315063
1.7823957753181459
1.517360147635142
1.3947857546806335
1.3438474090894064
1.3974421771367391
1.5114097134272257
1.586223847468694
1.7031250131130218
2.586103341182073
1.898580785592397
1.544787346124649
1.3711363212267558
1.3060739906628926
1.292068375746409
1.3649221567312877
1.4570825783411663
1.639303765296936
2.5005463433265684
1.8184404838085175
1.4892157129446666
1.3358434875806173
1.271307773590088
1.2642033072312673
1.3471044747034708
1.4488984962304434
1.5296873319149018
1.6134501846631368
1.6363974845409393
1.7826504866282145
2.281160492102305
