20.225014870961505
8.941250313123067
7.161777386665344
6.200886255900065
5.50161163965861
5.026128210226695
4.647051909764608
4.203930835723877
3.923703954219818
3.642142814795176
3.35323784271876
3.229533208211263
3.0002973461151123
2.9961257807413735
2.804122037092845
2.6743013882637023
2.6301766355832417
3.0076382223765057
2.8396087869008384
2.5284055240948997
2.298768507639567
2.245604135990143
2.2145832633972167
2.1844625647862754
2.887753043174744
2.656516448656718
2.2958523790041605
2.0768905727068585
1.940328158934911
1.886312712430954
1.8780895908673605
1.8992045036951701
1.947723960876465
2.98670315861702
2.6123903020222983
2.0787829069296517
1.8539239168167114
1.7025307933489482
1.653655614455541
1.6678016146024068
1.7028796251614888
1.7595683387915293
1.8909028708934783
2.7684971499443054
2.147762557665507
1.8023502985636393
1.6245533243815105
1.5347031915187836
1.5362686137358348
1.5781733266512552
1.6406243121623993
2.3518641869227093
2.342768199046453
1.8320647577444713
1.580561872323354
1.4596196834246318
1.438608206907908
1.477617480357488
1.5264600753784179
1.6467323923110961
1.6947959641615549
1.6858101431528727
1.6679519200325013
1.6611722954114279
2.643907597064972
2.010096632242203
1.5864271306991578
1.3941258295377095
1.3076644011338552
1.2926747624079387
1.3392448377609254
1.3997064379851023
1.4919339406490326
1.576636966864268
1.6186974863211314
1.642503091096878
1.6355968554814657
1.5806918160120647
1.51226526816686
1.467765610218048
2.327742384672165
2.0380400423208873
1.6361290570100149
1.3710906493663788
1.278345863421758
1.233391270240148
1.1955717974901199
1.2121189431349437
1.3123175911108653
1.393976592620214
1.4405472671985626
1.6579863758881888
1.5539719247817994
1.4728110281626383
1.4330502367019653
1.43313507437706
1.4312880984942118
1.662353048324585
2.3779750068982444
1.6752963451544445
