15.497243915759753
7.2041835691935505
6.309607386256991
5.854351293409767
5.431594822068068
5.131641717342281
4.836985975254877
4.560168504714966
4.339280252005064
4.14950250915166
3.898829055031694
3.6397367035114003
3.505823413641672
3.3995898805953
3.3357709908551825
3.16576980415493
2.915430420952587
2.9335171452471807
2.832952003293051
2.6302991763462926
2.908946263092806
2.6300913391007024
2.6135120451616376
2.6723424093304904
2.3086256310136206
2.14294640167842
2.121313626055598
2.5720400966309573
2.7382314225093234
2.35412967503901
2.056992661654119
1.950565041937868
1.9576118201598482
1.9741091668439774
2.023272003968114
2.9206989103705108
2.249836216397936
1.900632095868209
1.7622373844587704
1.741162157988482
1.7979131462182174
1.8633062437716301
1.9281469839197016
2.7177110770950743
2.2560507666765814
1.9502887350603066
1.7081118207788069
1.5823555842747596
1.5955964891359335
1.666795161441176
1.9224784314466385
2.561572878141589
1.877518756143894
1.6234702526028775
1.5127115817455197
1.5022647214799205
1.579358858318382
1.6686431295692423
1.7710713413764507
2.5261204368888834
2.0377964697840487
1.8290064989026211
1.5656841030359931
1.4494879770411755
1.4270428273007065
1.4676804765021236
1.9301237488855558
2.325347654334682
1.9429143125964405
1.606715768824713
1.4113705028730514
1.3496835915823169
1.378617321880415
1.4796176418288505
1.577146758608167
1.6201098244170293
2.268500832462045
1.8029686000021719
1.5077498414058208
1.3885642572365764
1.3658395627082889
1.4043420108247933
1.4836114718057318
1.5323829873358639
1.6276793679155015
1.6448382667180224
1.7491604378628531
2.348147943159332
1.6759791155047403
1.4361751846616315
1.3054783294459904
1.2575704573256723
1.2791077061283886
1.4099902007573162
1.460723518993197
1.5907058436890498
1.7250328997051483
2.2565218602050314
1.6505796012772158
1.377255415850031
