17.90945063273112
7.4476141182581586
6.433320202827454
5.901892172495524
5.42046798547109
5.055815277894338
4.730621043841044
4.456788009802501
4.183802673021952
3.963837553660075
3.73270238161087
3.625935874780019
3.3330832592646282
3.2087883631388348
3.1810184216499326
3.012964208126068
2.8662258315086366
2.856222970485687
2.7348837677637734
2.8618102137247723
2.8492440676689146
2.464527956644694
2.253989205757777
2.1999695511658985
2.4704498036702476
3.1314490826924644
2.4918103138605754
2.2431233259042105
2.0254414093494417
1.933562593460083
1.8962487773100536
2.9858445449670157
2.6684706584612528
2.1470751118659974
1.8935522468884787
1.7952645313739777
1.7651044809818268
1.789694695075353
1.8585373425483704
1.96455561876297
3.0273733325799306
2.5286095110575357
2.0420613753795624
1.7775359702110292
1.6542416572570802
1.6134855874379477
1.6400776700178783
1.730015487273534
1.793399674097697
2.357017068862915
2.7778050192197163
2.040437559286753
1.7464105113347372
1.588082046508789
1.5166621347268423
1.5011672182877858
1.5776290929317474
1.7182029930750529
1.7537644688288372
2.09154972076416
2.4687245710690817
1.8830804785092672
1.59435684521993
1.4625646885236103
1.4260405480861664
1.4728330751260121
1.6298904514312744
1.7778906925519307
2.671061085065206
2.0523790919780733
1.6363822150230407
1.4365472455819448
1.349298228820165
1.351825744708379
1.4059684113661448
1.4736827480793
1.5610373568534852
2.3635812918345134
2.0639374097188314
1.6090940427780152
