16.374942361513774
6.970235433578491
6.134157902399699
5.755739663441976
5.3300484244028725
5.030772891044617
4.714996853669485
4.5544969956080115
4.313317094643911
4.118389924367269
3.8259262148539226
3.7406756567955015
3.538101337750753
3.3456536769866942
3.3365965644518534
3.159727040131887
3.0372019616762795
3.155813137690226
2.923921519120534
2.76967897494634
2.6631766120592753
2.9281654675801594
3.097987614472707
2.649984531402588
2.3484240261713665
2.2167854619026186
2.489658954938253
3.063757665157318
2.650469358762105
2.2661064728101095
2.1170269322395323
2.074663931131363
2.601206612984339
2.706853094100952
2.4234960373242695
2.153370218674342
1.9697098668416342
1.9044815119107563
1.9093946182727815
1.9882105847199758
2.855797076622645
2.7277733771006267
2.1010924088954925
1.8526811758677164
1.7604486815134683
1.754772927761078
1.7915517087777455
2.1674814228216808
2.8760175013542177
2.2612117938200633
1.93599085132281
1.7382047625382742
1.6498340451717377
1.6416605186462403
1.7105170011520385
1.814614152510961
2.053546540339788
2.93810050090154
2.091369202931722
1.7534534653027853
1.594351322253545
1.5476566787560782
1.5739811412493387
1.7037425204118093
2.6553425097465517
1.9880219729741415
1.6882267816861471
1.5581820062796274
1.538059586683909
1.5777558970451355
1.658707713286082
1.7284260181585949
2.4458361530303954
2.2948640930652617
1.7803691748778026
1.5504622085889181
1.4511838614940644
1.4487979233264923
1.5312407199541729
1.612983269294103
