17.603524583421713
8.04129272577714
6.492624171621251
5.727903115853624
5.130459622808518
4.72391493674965
4.330746770252639
3.956644509346075
3.6594968551101905
3.4280784609713986
3.417844492214414
3.112790463617175
3.0153143899433816
2.783755761193812
2.9718310895536106
2.897796983969107
2.787754986098487
2.6595040028018784
2.499105454881407
2.360093020141646
2.8377258520432185
3.056867022556049
2.462571370705919
2.154180128789852
2.0480207489808864
2.076806922000629
2.07521197781966
2.2130497155314632
2.5484859119698884
2.5710768553675436
2.327053146529128
2.116102974894443
1.9042164028212212
1.843777730930651
1.936181501118852
1.9557342949831102
1.9316554542185613
1.9461890351320494
2.648145618661152
2.3797290877767625
1.9595203340574883
1.7726928947965883
1.6796729630701048
1.7002960137653629
1.7302180351390783
1.7594597134576246
1.804512496592352
2.5780766559411763
2.141189408024268
1.7747889590332877
1.6100981822861875
1.558167877419697
1.5698765721335008
1.6277983073937998
1.7031609299579098
1.752941472189767
2.288137782071839
2.2666294400963074
1.8039670438877695
1.5949235758350473
1.457242413790511
1.4318175986626405
1.4820754298663348
1.5646626174276146
1.6556722798083336
1.8613778425722707
2.3118972472477237
1.9116654698424715
1.6386991106733984
1.4570512093885994
1.415304012618329
1.4372748810765348
1.4870678106480368
1.5345151153319778
1.5947405642045136
1.6580493915880388
1.6520160603453744
1.630397559950025
1.5772421102829646
1.5815776649091404
1.5594304744425738
1.5536696834397385
1.5835849446388446
1.573718608294562
1.5807192711371374
2.0144446626001473
2.1702441950233613
1.6984084239854063
1.4163359445316104
1.299074465957397
1.2856766357366267
1.2672098325918437
1.315803220946309
1.394634422338391
1.4693587281613587
1.538057681770436
1.5508810316508435
1.5954324667377304
1.5405847887256054
1.4938047627318358
