16.686759395599367
7.486728469530742
6.544508466720581
5.888979094823202
5.4661181974411015
5.08351018110911
4.734002420107523
4.510162593523662
4.158682378927867
3.98563183705012
3.65742613474528
3.545524955590566
3.39160240650177
3.229891055425008
3.0464792267481484
3.039183024565379
2.837945341269175
2.7507139150301616
2.9511350274085997
2.6564275725682576
2.5161076823870343
2.4786693978309633
2.3727258737881978
2.2681908531983694
2.939517610867818
2.881154018243154
2.515275843143463
2.25895444949468
2.060877246459325
1.9472086083889009
1.926291245619456
1.9177635554472605
2.809804659287135
2.8292431847254433
2.3108763722578685
2.0701814222335817
1.8686053144931793
1.764849797487259
1.7610533579190573
1.7850473539034526
1.8442415364583333
2.6479667822519937
2.7011382961273194
2.08697904030482
1.8091089014212292
1.6398898287614188
1.5966212578614554
1.6144424947102864
1.6708026393254598
1.76235636194547
2.1538570952415466
2.6368759862581888
2.0905747183163963
1.7662445481618245
1.5667038575808208
1.5030073002974191
1.5200063514709472
1.548859172264735
1.633450535138448
1.7462933949629467
2.6646339841683706
2.1170073608557383
1.685499174594879
1.4987923006216686
1.404189906915029
1.4025211477279662
1.4666592729091645
1.5808619240919748
1.686068789958954
1.83182434797287
2.556438277165095
1.8821115386486054
1.5592953848838806
1.3958073977629344
1.3387576882044474
1.3396907949447632
1.4017165541648864
1.4852555620670318
1.6174690608183544
2.452367523908615
2.1646638254324597
1.6827989606062572
1.4197490974267324
1.2998484953244527
1.2564480890830358
1.2739895637830099
1.3988009826342265
1.4873643414179485
1.5745092078049978
1.6149160766601562
1.6584084236621857
2.349522444009781
1.8892372727394104
1.5019883461793264
1.3145736928780873
1.233432538906733
1.227397176027298
1.2748711276054383
1.3566070985794068
1.4722834996382395
