16.560430678976587
7.503564772835697
6.4743425329047515
5.967715503221535
5.535711615918631
5.265255599136812
4.904076006039079
4.671334046915353
4.375383775636374
4.138139921498586
3.914308412965522
3.630267276103238
3.453566455697439
3.3730729696262314
3.1923488163086304
3.141570884061147
2.927224080246615
2.9477390711566054
2.8427148052008757
2.7038306019392357
2.535233145018658
2.45193255091288
2.7819101329309395
2.7714348693928086
2.599518502333078
2.2908421481948302
2.14280170094536
2.175146185130958
2.7854642972170587
2.499772330364549
2.131992765219815
1.9536091796604984
1.8792039184685212
1.8978970578636032
2.014749575451196
2.8864400997219315
2.3664561951734933
2.0278498095920288
1.829354301274541
1.7446993129799164
1.736938545143748
1.7958734092942203
2.0217565179589285
2.8200591450714203
2.0668172168444436
1.7629327364714749
1.625554965203067
1.6037982928465648
1.6382760200873916
1.7001424679555088
1.9251907058509
2.6116766653147088
2.202624459582639
1.8333646615585648
1.5873987322830292
1.4793758891433118
1.469038911612637
1.531837149915925
1.619230418679226
2.2016429750316115
2.332738969699446
1.7944685536694813
1.5487047243549164
1.4397383540509694
1.4126872617796242
1.47867858445788
1.5554405055850384
1.653534405920879
1.7574676788714996
1.9608281944171493
2.3544118282306625
1.734924420175782
1.4900746636361961
1.3611767302794628
1.3166070727698773
1.3639620366584824
1.588164634733315
2.040975071220513
2.210166002612516
1.6492754892412438
1.4075408024960254
1.2930781011839947
1.2744507750114762
1.3498736124440849
1.4758539497852325
1.547906121934753
2.1822187591748063
2.0956765732851372
1.5886448467352303
1.3616550805338894
1.261443963251918
1.2458072191620448
1.356664268726326
1.4104605151946286
1.4880439222577106
2.298759664038578
1.7663859696273345
1.442977062909
1.2829203181956188
1.2424150841781891
16.720374893677267
7.241055305289691
6.335892492682157
5.888122198641466
5.454494102419585
5.041303991275245
4.6720863836389395
4.4823340373451
4.187686239444446
4.062254922303649
3.776184387525808
3.5108352125853215
3.4470354594227994
3.303633553736057
3.1477920517615954
2.9350524068210784
2.8694727819278047
2.816540780505762
2.8580517217641423
2.8004114242649343
2.6019309164753865
2.714626371362415
2.4651335607332108
2.556029944698791
2.6067419975248884
2.6100636856801662
2.2389288835206735
2.0521607980090595
1.9697395818811274
2.6093335493693446
2.705336133749704
2.241075885329074
1.972846130142637
1.8746669169588008
1.8396636045078714
1.8800547494861741
1.9700460360906915
2.0346739082947414
2.9095096544967056
2.195597301286575
1.9089454698031327
1.7058169463218753
1.6324870151397577
1.6585250475280464
1.7418428055091157
2.521700254721894
2.376164390184089
1.9048421505765996
1.6533733470194187
1.541999312496451
1.5243879171467094
1.6167336639255534
1.9842164257442718
2.5043372689515437
1.941821485176724
1.6512202270183722
1.511519416461084
1.4731422005257566
1.5150213474018661
1.6308742436193822
1.9408570049865
2.4627404458675546
1.8294120900810262
1.557335522845595
1.427386816829692
1.4289018692744475
1.4903883243337648
1.571679133890731
1.7013713679273812
1.7287616855918864
1.7122415788990542
1.8065736273869166
2.365967298616606
1.8226895870272495
1.5341682945453357
1.3596816215674525
1.3323482095697132
1.3369477685115463
1.4319502719597563
2.2005839766234074
1.9671629637396768
1.6488279804877917
1.400709266782139
1.2889425731302968
1.2828176582756148
1.3880536440023141
1.4693768515892347
1.6246175623205712
1.648842830511853
1.5995482737639488
1.746947880906979
2.099765361517585
1.7548910067274046
1.4435489612701544
1.2823129623381209
1.2397680368928192
1.3000717613026291
1.4259425747029297
1.4621451279579099
1.4992764275054082
