17.846839204126475
8.018762621865676
6.6045844881597136
5.9185345360558514
5.568203281035577
5.003832240841479
4.904918113185783
4.256241564152887
3.9736653972992744
3.8900067681126274
3.4799012804170393
3.3436052785322894
3.067651280161243
2.9360166103429766
2.9836549244538686
2.822435157292091
2.775928752415382
2.6598391901299836
2.6672645546604525
2.538219806404225
2.4714342251463464
2.356165536986148
2.348116233814562
2.832458385573184
2.602558341735306
2.2856230892175837
2.0832764608866965
2.030392025719579
1.97815067740293
2.029116331662103
2.6323716119148988
2.3679506014109353
2.0800303133861666
1.890986551696288
1.810395271367999
1.8815547443339846
1.918617565499798
1.9449159654166885
2.685820296971513
2.180601080374537
1.9008662106344374
1.7205148017788767
1.6479222169770444
1.6583892235603
1.7352802072252547
1.8163796555544127
1.8591897949880483
2.620068455576549
2.0791287088533186
1.7945342359320415
1.6261382561730922
1.60039229191427
1.5739305964711803
1.5892497096047804
1.650300553519246
1.6904699958795708
1.7433134428613735
1.7845730715520876
2.540358441911703
1.9105446971192652
1.604847836077387
1.4640405748050345
1.400780364653807
1.4454991678454785
1.5201647580538824
1.6150850909096854
1.675020360390577
1.6888060086670145
1.716475734557772
2.281514566771838
1.9507084577493696
1.5903471148743922
1.4375353721418465
1.3607834727006474
1.3305583865579989
1.4108163125313407
1.563471896655358
1.606595919361615
1.6023852762605983
1.582009020769214
1.5712995404057184
1.6273710032593751
1.589300795129715
1.5561525613156422
1.5577595185260384
1.5559549710493394
2.255976423230185
1.8849811185553191
1.4989540531753451
1.3312565918914083
1.2634815384278144
1.3304616935746663
1.3379851802097464
1.4182193922231914
1.434141139594876
1.4940858797846313
1.557812309821215
1.5752077036626833
1.5144444526805823
1.4594561400288395
