18.3668585618337
7.963718048731486
6.657335918744405
5.912577953338623
5.442850027084351
4.98394552787145
4.702205572128296
4.309592801729838
4.02429049650828
3.7031052978833516
3.543447796503703
3.3704944888750714
3.150531526406606
3.13574329773585
2.978605894247691
2.7812604331970214
2.5674047923088072
2.8629094274838764
2.8226211706797284
2.502124911149343
2.4407660897572834
2.4401196599006654
2.269359234571457
2.2686787656943004
2.778702742258708
2.5588761885960896
2.283492932319641
2.0686749831835427
1.9438727537790934
1.8907204759120941
1.9064641606807708
3.029883796374003
2.5478353603680928
2.192086054881414
1.900803434451421
1.7682186675071716
1.7086568446954091
1.722751218477885
1.7719109006722769
1.8504479833443959
1.9180360654989879
1.9490585418542226
3.0116471020380655
2.3560964067777
2.0295993653933206
1.737077362537384
1.5815538660685222
1.5338565425078075
1.5338691953818004
1.5820929384231568
1.646892278989156
1.7276959733168284
1.819798086086909
1.8885480519135793
2.84717925230662
2.029257191022237
1.649173268477122
1.4824042121569316
1.3913305795192719
1.384796497821808
1.4568123610814412
1.545980496406555
1.6171859117348988
1.643083575963974
1.695953518152237
1.6814794039726257
2.6509742172559103
1.9792734364668527
1.5742778690656025
1.3984720794359844
1.3296654268105825
1.3253673708438873
1.3531231129169463
1.420877725680669
1.490856266816457
1.5567633203665416
1.6023781383037567
1.6173351593812306
1.6339752332369486
1.6229763650894165
1.577010695139567
2.3943286768595375
1.9600494062900544
1.656660989522934
1.402270278930664
1.2509443660577138
1.1890920907258988
1.2029055573542913
1.2647500880559286
1.366936597029368
1.4393127485116324
1.4763798395792642
1.559544711112976
1.5677671690781911
1.5178266859054566
1.493658698797226
1.4666883623600007
1.4626945273081462
1.4672898685932159
2.102489140033722
