24.546935682296752
12.161308196385702
9.02909401098887
7.478733852704366
6.496960905392965
5.803935370445251
5.208422589302063
4.716350869337718
4.359958105882009
4.028500893910726
3.6666139523188273
3.439777665138245
3.288271415233612
3.0775844208399454
2.982372985680898
2.971903161207835
2.825186903476715
2.7677082864443463
2.894158271153768
2.7864395650227864
2.607524784406026
2.4839413952827454
2.4925615326563517
2.669324473539988
2.7128656188646953
2.4537565525372824
2.2853371922175088
2.1814388008912404
2.166335897843043
2.434650073846181
2.8970121065775554
2.436897477308909
2.1283541409174602
1.9814984424908957
1.9765738677978515
2.1170094724496207
2.687935394446055
2.410347386201223
2.1393571309248607
1.957972478866577
1.921431810061137
1.9500719889005025
2.266094683011373
2.6929585488637287
2.2518440918127696
1.9889628159999848
1.8441485611597697
1.8028778759638469
1.8520135712623595
1.948802235921224
2.0548187486330667
2.7540663603941598
2.512150076230367
2.066073033809662
1.7941837191581727
1.6942595374584197
1.7159452577431997
1.8139913117885589
1.9288570749759675
2.810556348959605
2.2679139840602875
1.9008168156941732
1.7238385359446207
1.6717994932333629
1.707124408086141
1.8064549100399017
1.9858512842655183
2.193920948902766
2.664552353223165
2.0662463267644244
1.7584354488054912
1.6225162454446156
1.613983259598414
1.6772047352790833
1.8001665476957958
1.9040778009096782
2.5908636697133383
2.377920149962107
1.9609515213966369
1.7179613467057546
1.6135801450411478
1.6126282040278117
1.6605982744693757
1.7580939213434854
1.8652885830402375
1.9845844940344493
2.765649837652842
2.1728974449634553
1.8568695878982544
1.6993738786379495
1.579945735136668
1.5733012755711873
1.6130875257651012
1.690495218038559
1.8092385868231455
2.2231306060155234
2.556888030767441
2.0371813118457793
1.7631719716389973
1.582525645494461
