15.230221967697144
7.097267293930054
6.325077972412109
5.827852619489034
5.4665966812769575
5.1992074100176495
4.877755335966746
4.617205458482107
4.3984015830357865
4.200484604040781
3.9993927693367004
3.944677245616913
3.7494920905431113
3.5816823720932005
3.417908867994944
3.287493732770284
3.291911652882894
3.242243905067444
3.130714404582977
2.9063381282488505
2.834067911307017
2.9863577206929524
2.987743592262268
2.776823806762695
2.728698170979818
2.4864527773857117
2.454185671011607
2.692767445246379
2.8482227969169616
2.6181657044092814
2.4399653021494547
2.195823752482732
2.079347188472748
2.0484374284744264
2.559825614293416
3.078467457294464
2.4744921827316286
2.0774478511015575
1.9173771417140961
1.8739245839913685
1.9673188372453054
3.006676023006439
2.3645893184343976
2.0285229965051017
1.8754917697111766
1.8803574359416961
2.468850229183833
2.368159043391546
1.9659392281373342
1.7861625238259633
1.7318759520848592
1.7587328088283538
1.8482933497428895
2.6774526619911194
2.276066821416219
1.9096586839358012
1.7239562857151032
1.6491769369443257
1.6600059763590496
2.442215500275294
2.3820770784219105
1.89313822944959
1.668383423089981
1.5983261295159659
1.6044812639554342
1.6488056059678395
1.7375439806779225
2.3677334594726562
2.421442981958389
2.0576613509654997
1.7073006920019786
1.542112619082133
1.4953325434525808
1.5046949183940888
1.5813452275594075
1.6800208036104838
2.4009000241756437
2.316426832675934
1.791393799384435
1.5695008258024852
1.469455378850301
1.4534182814757028
1.4940378622214
1.5988558689753214
1.6741553823153177
2.4400647791226704
2.1598594399293263
1.7102301303545635
1.5074300003051757
1.416357477903366
1.4196297832330067
1.4575896374384563
1.5558474600315093
1.7721284000078836
2.481871387561162
1.9008098526795705
1.8054218526681265
1.543610950311025
1.4109952362378437
1.3734073567390441
1.3860220277309419
1.4745935249328612
1.593172105550766
1.6688788263003032
1.701972894271215
2.227179446220398
2.171783603429794
1.6887139097849528
1.4555022013187409
1.3514105367660523
1.324439163208008
1.3707594378789265
1.4538557501633962
1.5266390132904053
1.5833150132497151
1.789368473291397
2.4909658734003703
1.8755584537982941
1.5231956036885579
1.3644575838247934
1.289247620900472
1.279546058177948
1.3232203090190888
1.43562229235967
1.533286742369334
2.3123213601112367
1.9230009746551513
1.56463472366333
1.3737147696812948
1.2942859319845836
1.283214386701584
1.3418618953227996
1.4206864293416341
1.6064312398433684
1.6734441574414571
1.6651980376243591
1.609111462831497
1.5243028128147125
2.2242675085862476
1.9983091147740681
1.7309587073326111
1.4781229666868845
1.3263962086041767
1.2748446830113729
1.2598925157388052
1.2823534214496612
1.3307457411289214
1.4567857869466145
1.5717007068792979
2.4253836651643117
1.8862943291664123
1.5154999709129333
1.3447696216901144
1.251061596473058
1.2188749007383983
1.2271706899007162
1.3140372618039449
1.4502255487442017
1.5775813754399617
1.5939239013195037
1.5675143186251324
1.5353584043184916
2.036933572292328
2.0073702629407246
1.5485156269868214
1.352969841559728
1.2541780920823415
1.2134283498922984
1.2208320466677347
1.3017704776922863
1.3904001859823862
1.4700043777624765
1.5448451391855875
2.1545963044961294
2.1817708174387613
1.672576021750768
1.4132557372252146
1.2853414440155029
1.2136028653383255
1.196486234664917
1.2295190711816153
1.3134083155790965
1.3732055234909057
1.4312856725851695
1.982270051240921
2.076793758869171
1.6121846163272857
1.3805560139815012
1.248930329879125
1.2100703740119934
1.203096782763799
1.2806718313694
1.3447202837467194
1.3854124399026235
1.4782643528779347
1.5142689299583436
2.446692864894867
1.8319764212767282
1.4827968466281891
1.3044168599446615
1.2320228171348573
1.1744920378923416
1.1926307439804078
1.4361040091514587
1.4269724734624227
1.3859996378421784
1.450939042965571
1.4284038321177164
1.4148291659355163
1.4077238778273264
2.326390010913213
1.984509499470393
1.5555987683931987
1.3564053436120351
1.2399827873706817
1.2002863788604736
1.2096464796861013
1.207455610235532
1.2366221990187962
1.3410556948184966
1.4287748551368713
1.5654292555650076
1.9833154694239299
2.103661280075709
1.5674145356814067
1.341170072555542
1.227442268927892
1.1749820119142533
1.1504869969685871
1.2207362653811773
1.276565968990326
1.341490712960561
1.4001542842388153
1.462711791197459
1.4494271659851075
1.595468445221583
2.2625868825117745
1.8485032637914023
1.551807408730189
1.3266248563925425
1.211327655315399
1.1646530069907506
1.1370331273476282
1.1710680937767028
1.2196976288159689
1.2987476515769958
1.7586495598157248
2.224961272875468
1.6611484293142955
1.3866897130012512
1.2561462076505026
1.1929550762971242
1.1927406434218089
1.2105927622318269
1.2113430615266163
1.253251694838206
1.326362208922704
1.386114815870921
1.5636138435204823
2.375060449441274
1.7881691904862722
1.449416397412618
1.2854065748055776
1.1961041061083475
1.1636964734395345
1.184737717906634
1.2184182234605154
1.2608581674098969
1.3440682963530222
1.4573984467983245
1.555140556494395
2.2388182524840037
1.6181747217973073
1.362535301844279
1.233621546427409
1.1684605286518732
1.1386194002628327
1.1579625328381857
1.2111141566435497
1.3155771378676098
1.3611396634578705
1.4811972943941751
1.5131111113230387
1.479265918334325
2.1204924114545185
1.8492054577668509
1.5319781561692556
1.311477108001709
1.1952382816871008
1.1518426042795182
1.1387043696641923
1.1303183062871298
1.192130944132805
1.2631732376416525
1.3533417495091755
1.4401236482461293
1.4589634426434834
2.2892139887809755
1.7954044425487519
1.4771417645613352
1.2935514096419016
1.2034931882222493
1.155281853079796
1.1525889778137206
1.1829283839464189
1.19145682990551
1.2305195450782775
1.321027504603068
1.3975863087177276
1.433834023475647
1.8692421992619832
2.121566691795985
1.5733778917789458
1.3473624801635742
1.2210833990573884
1.1565729653835297
1.1467533185084662
1.1743189024925231
1.1846769859393438
1.2138957250118256
1.3080413476626078
1.387364008029302
1.4460337773958842
2.248867050409317
1.875773069858551
1.535114851395289
1.3217645382881165
1.2109617773691814
1.144597936272621
1.116765822370847
1.109439546863238
1.1830765428145726
1.249288047949473
1.36435453971227
1.3627607536315918
1.3643344183762869
2.1396247883637747
1.8512649309635163
1.5016911554336547
1.3059000432491303
1.1960835697253545
1.138409719268481
1.1128684842586518
1.1321571598450342
1.1703229425350825
1.2224237499634425
1.3578477736314138
1.4303245361646015
2.350093812942505
1.7389470092455546
1.4282275156180064
1.2716017190615336
1.1780516519149145
1.1287525659799575
1.1559263982375463
1.1408731544017792
1.1933920973539351
1.3005075216293336
1.3378686412175496
1.4288706946372987
1.5552772649129232
2.241841428279877
1.83328231493632
1.4653576429684956
1.2945634849866232
1.1964652389287949
1.1554455824693044
1.1457540275653204
1.1250758246580759
1.45723357796669
1.5752567593256632
1.4617653393745422
1.3728865547974904
1.2807135196526844
1.192923838297526
1.1732121902704238
1.2598845700422923
1.2715448947747547
1.3365859619776408
2.4320467547575633
1.8589179662863413
1.5316513764858246
1.3338550941149394
1.224560087521871
1.1513372208674748
1.1226812374591828
1.1050474834442139
1.136163384715716
1.1455589157342911
1.194539359609286
1.2878178282578787
1.3099651857217154
1.472088215748469
1.6788790384928385
2.2421597651640575
1.6316764112313589
1.3775734873612722
1.2365689502159753
1.1576107742389043
1.155808536807696
