24.274858560562134
11.675934457778931
8.774463807741801
7.3235852241516115
6.415221452713013
5.707383569081625
5.183389536539713
4.768281126022339
4.359586554368337
4.0160547463099165
3.704164807796478
3.455904318491618
3.2726015106836956
3.1242445707321167
2.965486381848653
2.9051014947891236
2.7957708557446797
2.8612489064534503
2.765521352291107
2.6666010427474975
2.5933376876513163
2.559504167238871
2.5167829537391664
2.365486667950948
2.271873416105906
2.226446537176768
2.2206258233388265
2.80897185643514
2.589251794020335
2.251782401005427
2.037432513634364
1.9361704432964324
1.9147087824344635
1.9051941510041555
1.9114004476865132
1.9661128691832224
1.9997341708342233
2.001129523118337
2.6198390742142994
2.465240884621938
1.9689494629700979
1.7530144202709197
1.6558238526185354
1.6346552606423697
1.6456105669339498
1.6985424558321636
1.7539496084054311
1.7969716020425162
1.809861479997635
1.7967280113697053
1.7869508858521779
1.760547170639038
1.751290391286214
2.381566130320231
2.063705744743347
1.6936201039950054
1.5215639281272888
1.450601766904195
1.4384765501817067
1.4716268074512482
1.5394055525461832
1.601795836687088
1.6591590762138366
1.66033545255661
1.6495851325988768
1.6390655791759492
2.4416637500127156
2.0353875116507214
1.6136453425884247
1.4116418627897898
1.3119826749960581
1.2853384864330293
1.3276846631368002
1.3946566927433013
1.4567945965131124
1.5003269783655802
1.573145767847697
1.5698833592732748
1.5605288755893707
1.5525800454616547
1.5216851687431336
1.5077058752377828
1.527247062921524
2.151685301065445
1.960291706720988
1.5683552749951681
1.3441765701770783
1.2309273755550385
1.1907352832953135
1.2014392274618149
1.247178101936976
1.3310893193880717
1.4178578996658324
1.4677334900697072
1.4780287480354308
1.4708802962303162
1.4407174734274546
1.4329072507222493
1.448053162097931
1.452196497519811
1.4557694355646769
1.4277911945184072
1.4966307957967122
2.2808392039934793
1.5745354572931924
1.3009173667430878
1.164473506808281
1.1030869909127554
1.097715929746628
1.1275773644447327
1.189085428317388
1.249900305668513
1.3209288390477498
1.3802759603659311
1.4254237147172293
1.4607210286458334
1.4136518406867982
1.3647598111629486
1.3382753916581471
1.3124033868312837
1.2815809996922811
1.3027835396925609
1.3891020560264586
2.139411646525065
1.5097315887610117
1.2420173239707948
1.1077292944987616
1.0626435538132986
1.1036612091461817
1.1112134649356207
1.17619531750679
1.1877168393135071
1.2281575671831766
1.374987669388453
1.3710998352368673
1.3091443868478139
1.2540549186865488
1.2334411871433257
1.2632897166411081
1.2592655340830485
1.3039101366202037
1.316332951784134
1.31213392217954
1.3301937997341156
1.3483007228374482
1.302159362634023
1.2437430401643117
1.2250435988108317
1.2375708786646524
1.568705894947052
1.949171143770218
1.3868766701221467
1.1810413873195649
1.0495060453812282
0.9832411338885625
0.9413029422362645
0.9585426882902781
0.9766078227758408
1.0606808016697566
1.213225950996081
1.2324885316689809
1.2454872113466262
1.2694602555036545
1.2907224321365356
1.82251278758049
1.6092462686697642
1.3631748163700104
1.1247325426340102
0.998684276342392
0.9414810574054718
0.9566311673323313
0.973440403342247
1.1030106284221013
1.1438337337970734
1.165273497303327
1.1929096949100495
1.197734678586324
1.2053431260585785
1.3833909189701081
1.3059150155385335
1.2071298072735468
1.2138680589199067
1.231581346988678
1.2205749690532683
1.176356750925382
1.1337612758080164
1.4371669284502666
1.7276446084181467
1.2926589600245157
1.099348066250483
0.9751473514238993
0.9012435400485992
0.8860327621301015
0.896167581876119
0.986837884982427
1.04382067044576
1.2242226562897365
1.7853274254004161
1.5271334234873455
1.2088497587045033
1.0310732225577037
0.9504980542262396
0.915543484489123
0.9424200904369354
1.032002039750417
1.0697415061791737
1.0714744659264883
1.0990112688144047
1.1888514556487402
1.502702538172404
1.723301550944646
1.4216345171133677
1.1604403714338938
0.9943493010600408
0.9370446066061656
0.8836111416419347
0.905859992702802
0.939010347922643
0.9861146914958954
1.0742221190532049
1.132571317354838
1.1639790298541386
1.207401337226232
1.2549699779351553
1.199239737590154
1.1544299433628717
1.1157263104120891
1.2263347534338633
1.1945098412036896
1.213889060219129
1.2217590337991715
1.100130218466123
1.1044101325670879
1.0588112543026607
1.076447806954384
1.1378784668445587
1.2861699601014456
1.2104261167844137
1.2334591641028723
1.173082818587621
1.0618542230129242
0.998204100728035
1.088678881128629
1.122741349140803
1.1041705836852391
1.1161716926097869
1.1301213588317236
1.1353915844360987
1.1459974596897762
1.1204309638341268
1.0767645937204362
1.1003546925385792
1.1190430422623951
1.172839235663414
1.9439079904556273
1.4124309206008911
1.206129763921102
1.0302393068869908
0.9381203544139862
0.8998010985056559
0.8555012991031011
0.8384955352544785
0.8874452598889668
0.8531160606940588
0.9098302755753199
1.32959386408329
1.5403652691841125
1.2953224503993988
1.0539480137825012
0.9244521743059159
0.9481680891911188
0.8683868571122487
0.8516947352886199
0.8875223970413209
1.0485974796613058
1.0992040332158406
1.060432763695717
1.0679942345619202
1.0910552295049032
1.0494379939635594
1.0225216519832612
1.033714427749316
1.1834413983424505
1.2556794647375742
1.1554333472251892
1.0413839068015416
1.0843207951386769
1.1085013131300607
1.0681186695893605
1.6442872643470765
1.5424183293183644
1.1951486452420552
1.0160361278057097
0.9070460585753123
0.8534513735771179
0.8110896629095078
0.7956670423348745
0.7920041881004969
0.870963382323583
0.9367401834328969
