15.14919848974933
7.0944695978246655
6.066918918259847
5.469221083687506
4.868678722135659
4.426842811114467
4.028279164459097
3.6462922642770677
3.3407987598703377
3.204962503602648
3.01408570475428
2.807753814325633
2.7470117127656253
2.9178239506773416
2.9204204376242564
2.5501221291998397
2.629231147574832
2.6584517696183867
2.3373332290048245
2.1597562874627316
2.056136751926389
2.055134479500844
2.2405195820297417
3.4858692874197974
2.5998878356037305
2.1548590830882164
1.893673582199993
1.7951858887358176
1.7913908780816632
1.8506643840440022
1.9231363411960767
2.3032301049519406
2.9975347819505926
2.2086870014496722
1.8404327429468106
1.659049300204717
1.610171099446906
1.654284185188206
1.740151096551671
2.1675905890997638
2.6736177243612556
2.1640071052534875
1.77024891485799
1.5710153583127653
1.4880597625557537
1.5237802461771706
1.5939913222987878
1.728513028013672
1.8253781307051038
1.8344159522507457
1.7845665790290068
2.5934866987873284
1.9999503180768907
1.6224982120246123
1.4292863501518709
1.3611010774158816
1.3685047879260044
1.488353094262175
1.6407840098214355
1.7444614103667033
2.0070571472446694
2.312157648682253
1.7556215336807819
1.4743377250381733
1.3281990344339933
1.293075285190156
1.6254045266476607
2.2004899558501805
1.7160321679019654
1.4484984454589451
1.308032580979574
1.266333468322426
1.3450147255102338
1.470739398781413
1.6033101887962538
2.081066291106806
2.1446218131947994
1.587407605695861
1.3453309279799803
1.2363860361214012
1.2351168354807747
1.306972384111246
1.4289265310866786
1.7443035977617718
2.1768211918778952
1.7988565859616998
1.6500187224166782
1.4027164375201338
1.2992077345151272
1.3775121820690297
1.2993648352800604
1.3493804180178055
1.4097037578380551
1.478971004486084
1.5543367903690284
1.539921727426414
1.5437694869956862
1.5450540244750102
1.4924188135005
1.4423771167552915
