17.663408323923747
7.354582096735636
6.426300985018412
5.909350918134053
5.524002674420674
5.149813165664673
4.912964627742768
4.626549315452576
4.34363067706426
4.1920565334955855
3.9994974557558693
3.8008683927853903
3.654963392416636
3.4099468986193338
3.2959601910909018
3.1964648826917013
3.11396612405777
3.095780222415924
2.817684684594472
2.6562164060274758
2.5118925023078917
2.569702359040578
2.958024268945058
2.8557088033358258
2.5448059980074564
2.252035734653473
2.1088260463873545
2.0593685805797577
2.370623127222061
3.0742523288726806
2.44021893342336
2.079905792474747
1.9191908891995748
1.8724072698752086
1.9660121715068817
2.893251807689667
2.459748609463374
2.016775241692861
1.8201756052176157
1.721898695230484
1.7210176213582358
1.796459705432256
1.8759267556667327
3.0979860746860504
2.3370069058736167
1.9189827752113342
1.693102639913559
1.6013127930959066
1.5915354156494141
1.7828794141610464
1.8224676541487377
1.8423680118719736
1.8177663163344064
1.8028111962477367
1.788421446084976
2.9282248055934907
2.1115144542853037
1.6964897843201956
1.5308987228075663
1.458699148495992
1.450415273110072
1.5189885652065278
1.6521528887748718
1.707671471039454
1.769386018117269
2.7582239723205566
2.0072017220656075
1.636794192790985
1.4636672286192576
1.3690743164221446
1.4047654807567596
1.4843312780062357
1.5872961390018463
2.2714571464061737
2.2891526810328164
1.7417399048805238
1.4826038988431294
1.3596892444292705
1.3315339533487955
1.3854204332828521
1.4536349479357402
1.5488593145211538
1.5974463812510173
1.6460020705064138
1.6783767040570576
2.2830433587233228
2.218500831524531
1.6583015052477519
1.4111384165287018
1.2985526752471923
1.2553191995620727
1.3065747098128
1.3950162279605864
1.491272393067678
1.5342057343324025
1.5689426052570343
1.5688344550132751
2.263168850739797
1.8753280015786489
1.5087805918852488
1.3294616202513376
1.247603807846705
1.2391368933518727
1.3107312985261281
1.4393863026301066
1.4847559936841328
1.5433837874730427
2.3096872202555336
2.0022223766644798
1.5836151623725891
1.3548492872714997
1.235576900243759
1.167859917084376
1.1926416750748952
1.243959817091624
1.3052559542655944
1.4244871962070464
1.5629838315645854
2.1340616512298585
1.9677299920717874
1.5185792326927186
1.3215521677335103
1.2163148522377014
1.1621183502674102
1.2227123653888703
1.2676056671142577
1.3574938150246938
1.4709399084250132
1.5275321610768635
2.063405725558599
1.952427002588908
1.6629987895488738
1.3985100185871124
1.2256118973096213
1.1600173513094585
1.1411948891480763
1.1577921078602473
1.280076808532079
1.36198256055514
1.464253234465917
1.496921796798706
1.47959947347641
1.495174677769343
1.4680909101168316
1.4252525027592977
1.44126429716746
1.816543821891149
1.9211359139283497
1.4615592463811238
1.2537759667634965
1.1447136861085891
1.1003593349456786
1.1263517818848292
1.171844856540362
1.227913183371226
1.8799834489822387
1.9169759261608124
1.452464642127355
1.2411640258630117
1.1389054397741953
1.091337540745735
1.1147768265008926
1.1933560005823771
1.2953536681334177
1.3704373292128245
2.0728782963752748
1.9166786313056945
1.4673557047049204
1.2663007855415345
1.1361450348297755
1.0926572765906652
1.0826656621694566
1.1230737831195194
1.2103545506795248
1.3272488403320313
1.4171460409959158
1.4361147487163544
1.5758983222643534
1.8436086603005728
1.8959497837225596
1.4845643055438995
1.2608916175365448
1.1393940071264903
1.080122217933337
1.0898949551582335
1.1051120684544244
1.1493956343332927
1.3088700302441916
1.3917305990060171
1.392301391363144
1.3710589742660522
1.3898515490690868
2.1976178057988487
1.644543044567108
1.3276757458845774
1.1654965676863989
1.072586763103803
1.0765341138839721
1.0476918365557988
1.0773026498158773
