15.841984057426453
7.255259003639221
6.389502121607463
5.8643945121765135
5.477074484825135
5.130963089466095
4.843672438462575
4.658767319520314
4.379602674643198
4.15919000228246
4.013846785227457
3.7560443011919658
3.5640257318814594
3.4843494804700215
3.2586853535970053
3.175577484766642
2.992133291562398
2.847685866355896
2.931085577805837
3.056979216734568
2.7198099184036253
2.5972231078147887
2.5574223136901857
2.719022717475891
2.5348813645044963
2.4758213051160176
2.5710562149683636
2.2610237630208334
2.0865561087926228
2.0068331213792163
2.012661712964376
3.075141092538834
2.703327217102051
2.3953987185160317
2.069377990166346
1.871320867141088
1.8023469225565592
1.8048629001776377
2.618317864338557
2.532745485305786
2.0970853424072264
1.9011564946174622
2.372373173634211
1.9997387512524922
1.7677520116170247
1.6739410893122355
1.6915074650446573
1.7524169715245566
1.8568734097480775
2.558715505202611
2.5710149884223936
2.068392861286799
1.7475233197212219
1.6151533544063568
1.54697904308637
1.5744814984003703
1.6867260964711508
2.5278524335225425
2.198368879556656
1.795701982577642
1.591404270331065
1.5175037078062694
1.5149928645292918
1.5606325268745422
1.7418223484357198
2.7114379890759785
1.9305829163392385
1.6207003525892894
1.4843330478668213
1.4600630525747935
1.4865519642829894
1.5568311683336893
1.6841634233792624
1.7991470138231913
2.6098056932290397
1.9949357092380524
1.6385516619682312
1.4424227905273437
1.3705901169776917
1.3816283714771271
