20.704750878016153
8.55606326421102
6.984875860214234
6.1798787117004395
5.572961600621541
5.109132320086161
4.740761938889821
4.425593888759613
4.090605456034343
3.8196589136123658
3.6599154408772785
3.533677542209625
3.2045544560750328
3.0703827142715454
2.97422460714976
2.817517813046773
2.719164172808329
2.5986765384674073
2.7084839804967245
2.9992283590634665
2.6747950959205626
2.457454003492991
2.2299927838643394
2.1194658903280894
2.0838233637809753
2.837180465857188
2.8346075201034546
2.266752937634786
1.993588122924169
1.8820363120237986
1.855306444565455
1.8890980704625449
1.9124043802420299
2.8995316421985624
2.4103468481699624
2.121543283859889
1.9062591397762298
2.0569478897253672
1.880498740275701
1.7751908854643503
1.725046908458074
1.7231945625940959
1.7316005472342173
1.7896122248967488
2.0055379343032835
2.824030954837799
2.141940670410792
1.7726497761408488
1.5775692176818847
1.498781405289968
1.4867477826277415
1.5225454425811769
1.6041746775309245
1.6796553170681
1.7297171700000762
1.7676347760359445
1.7943586973349253
2.683397274017334
2.0460520442326864
1.6440547569592794
1.4391538941860198
1.3595474322636922
1.3453133662541708
1.3959693268934885
1.4934520351886749
1.555181318918864
1.6490455230077108
1.666753006776174
1.6783476662635803
1.6293161344528198
1.593714609146118
1.5994121181964873
2.5526420327027637
2.010411112308502
1.6094852459430695
1.3697016827265422
1.260334596435229
1.2251290063063303
1.2272119917472204
1.2934643582503
1.4437175222237906
1.5183366592725118
1.5404352116584779
1.5219999404748281
1.5130174950758617
1.5580689628918967
1.5712220617135366
1.525601631005605
1.479045611222585
1.4653614556789398
1.4685117383797963
2.397993711233139
1.82226420879364
1.4278746036688488
1.239358180363973
1.1399062178532282
1.1069866104920705
1.1701461243629456
1.2088482650121053
1.296641809542974
