15.87969188637056
7.142768679223021
6.258199082111582
5.776692644135202
5.419671663002715
5.060218992339536
4.7739622984756
4.471449103528078
4.26390499656911
4.10263550115495
3.8646932046725557
3.658899318540993
3.5665198720597293
3.302847197460929
3.225604180838072
3.1086922256395346
2.9565484955450287
2.8549956883560648
2.697841504822202
2.9871635510064767
2.750765000877274
2.7871721195975385
2.4974282823897336
2.294409229230748
2.176058267152409
2.3134573757814496
3.162102918438925
2.4827250670589778
2.1870211874210073
1.9990086897502037
1.9444405136002139
1.9466675184563342
2.227731991279092
2.8069063381896378
2.427806051992772
2.1480855201280216
1.8723205965541532
1.7524224121258452
1.72322699983804
1.8075879144801403
2.446441875526832
2.468674644454276
2.019722407242714
1.7670278413050022
1.6576805370431758
1.6583809497296644
1.7164658723103303
2.5272414133077215
2.1555457573415175
1.7548788267921938
1.5958307928361601
1.5490014586276
1.5958018847494737
1.7335743582016245
2.1618139747125524
2.397006359605072
1.79893991409238
1.5617893944211656
1.4642046168654077
1.4695812135021666
1.5497071457440474
1.6809186065429433
1.7453443011201524
2.2915629925502046
1.9896811177139495
1.6973049700426193
1.4902487737554693
1.407941035573529
1.9853155988172568
2.0264667265926564
1.649207992806076
1.4504788898159866
1.3767596015026975
1.3798348236216809
1.4759098696509443
1.587661708629895
2.248725861560003
1.957554624937371
1.6102438985803333
1.408282255063814
1.3364003136297455
1.3531905077294055
1.4790073912123785
1.5860666926524765
1.6160762220372065
1.6009670771596158
1.5820952408161004
1.7096103147543904
2.3182814171055233
1.686909623464834
1.4100265742012386
1.2821789365624983
1.2480819437829234
1.2698394551582655
1.385968870107178
1.5130686318309858
1.5838244286752345
2.2614125787049617
1.6501764992153412
1.3771255029609277
