17.052100081443786
7.3125451532999675
6.444195186297099
5.895068186124166
5.4703495343526205
5.103535718123118
4.7959262220064796
4.497674725850423
4.230138440926869
4.006698088645935
3.783803145090739
3.648084290822347
3.3879668641090395
3.3297999103864035
3.1576498548189798
3.080098517735799
3.025493309497833
2.8246853597958883
2.7461654353141784
2.597742750644684
2.6360497156778973
3.0356012638409933
2.702898593743642
2.46500218073527
2.2435206238428753
2.148877745072047
2.839290112654368
2.7222631653149922
2.414073474407196
2.1509079611301423
1.97891277273496
1.9461812965075176
2.348415723244349
2.9074438643455505
2.327810155550639
2.034553394317627
1.842449397643407
1.7595929173628488
1.7748090787728628
1.8341978287696838
1.8854957242806754
1.9626784324645996
3.144690144856771
2.391212608019511
2.0841188708941143
1.7749300801753998
1.6367976729075113
1.6039323933919272
1.643913479646047
2.541945169766744
2.2029491420586904
1.8386337991555533
1.6651182460784912
1.570342919031779
1.5747654684384664
1.622325181166331
1.688173347711563
1.948214183251063
2.770373123486837
2.0293601091702778
1.7102855022748311
1.5175926319758097
1.44252805630366
1.4617957548300424
1.9451689632733662
2.3328753884633384
1.9949995350837708
1.6966947801907857
1.5037860731283823
1.4124585167566934
1.4095318587621053
1.4561724619070688
1.568252801100413
2.408119571208954
1.9782109614213308
1.6058950718243916
1.428148645957311
1.3622733855247497
1.3670626918474833
1.439694308837255
