16.361882829666136
7.129256377220154
6.412550772031148
6.040324076016744
5.696873515446981
5.438146615028382
5.252078938484192
4.9494708108901975
4.750364992618561
4.586473071575165
4.38826685667038
4.238384099006653
4.166844263076782
4.003460667133331
3.9263954480489094
3.7973750980695087
3.6271168891588847
3.456573342482249
3.3356629331906635
3.272406910260518
3.2268123912811277
3.0060477431615196
3.15065437634786
2.933892156283061
2.9127951606114704
2.6992832740147907
2.8030642541249593
2.6236684703826905
2.8956207156181337
2.5298617378870647
2.3170472478866575
2.3198526740074157
2.7648710799217224
2.587180856068929
2.308467831611633
2.2117477655410767
2.1928381077448527
2.733167138894399
2.5087309296925864
2.1869807585080463
2.0095482822259267
1.9735300616423288
1.9580125534534454
2.447624549468358
2.6701164094607037
2.205739076137543
1.9377270730336507
1.849376532236735
2.2740055855115253
2.493604170481364
2.0277092254161833
1.822085736989975
1.7287230988343556
1.7595502642790477
2.25830682237943
2.4059781050682068
2.177714378039042
1.8389748016993204
1.7280646113554636
1.7034199774265288
1.7619121944904328
2.2641339735190074
2.2225432892640433
1.9921277205149333
1.7431585041681925
1.642728897333145
1.6234827828407288
1.6763140408198038
1.9099022714296976
2.5448092651367187
2.0270128905773164
1.6999459930260976
1.577445503473282
1.5465973393122354
1.5642011896769206
1.8024573731422424
2.3158235975106556
1.9375845205783844
1.658937193552653
1.5425245893001556
17.92295317967733
7.4027746470769245
6.423675530751546
5.9006929683685305
5.453273855845134
5.074828138351441
4.772452057997386
4.462346721490224
4.205292640527089
3.9501575978597003
3.7183303809165955
3.607791841030121
3.3227634827295938
3.3268268807729084
3.2522421439488727
2.9844302900632225
2.95245180050532
2.8278715292612713
2.658854706287384
2.629449377854665
2.898255192438761
2.7383002543449404
2.470319455464681
2.3073500299453737
2.7257137751579283
2.5925306844711304
2.363789190451304
2.442625583012899
2.207235728104909
2.0411809873580933
1.9539282405376435
2.266085321903229
2.995604017575582
2.3301141341527303
2.2280150306224824
2.0084496696790057
1.8490581071376802
1.7849166289965313
1.8014788854122161
1.8284294267495473
1.94434770266215
2.9829710650444032
2.4095253948370616
1.918347802956899
1.711022351582845
1.6180770301818848
1.6248094932238262
1.6871322667598725
1.7493789013226826
1.8012248261769612
2.141327288945516
2.8274295806884764
2.034419107834498
1.7071749937534333
1.549096051454544
1.4901051501433054
1.5065929102897644
1.5891469236214955
1.669122644662857
1.7581112750371297
2.758981343905131
2.1075237266222637
1.6968757895628612
1.5008993566036224
1.4225030664602916
1.4132691593964894
1.4806784172852834
1.5992238759994506
1.6833605968952179
2.571817400455475
2.1036010066668194
1.762685587008794
1.5029482555389404
1.3863572037220002
1.3469805590311685
1.3844551118214925
1.4465878971417745
1.5308031928539276
1.6307870761553447
1.6879482130209604
