16.145873532937387
7.712612381637268
6.456330425076635
5.834840718518014
5.383850787635519
4.979117521242289
4.64294167917574
4.266446909453602
4.008625696586675
3.7821341524151473
3.548950030673882
3.4209531460245564
3.1788384053631975
2.977637642775702
2.8819315091928304
3.113151432108401
2.958415752837173
2.6152229882926177
2.4863517380034
2.886464211182471
2.769263404829796
2.5441189843809022
2.3867440326166016
2.272938160636705
2.397741523034935
2.8273183575332337
2.470063085200793
2.1385808431658155
1.9999601168072325
1.9572003864627172
1.9933982359987275
2.501040394804881
2.640332985744094
2.1449715049355627
1.9241906773395046
1.8489175133172284
1.8231647622619453
2.0124645625964277
2.7660612943862435
2.3038858824268114
1.9284917122996639
1.751455591196317
1.6913046355233834
1.7090065325570312
1.7587361332338656
1.8365172038447208
1.8772267171509969
1.9503521403473907
2.8357863057308688
2.132402189139992
1.7566197219072577
1.6031525271669842
1.5426617744658944
1.5478424595556832
1.6156970310347811
1.724012273088909
1.7707639676452025
2.0747465332462998
2.5762435846820604
1.9381852020165298
1.706262952960323
1.6087774229596201
1.4995612268119964
1.47379987287658
1.5192196191552716
1.592233056325284
1.6679714457011838
1.732872603957496
1.7118033730881261
1.6929681523139974
1.6670370600626598
2.3173191339033723
1.949833039567942
1.6192420379480181
1.443039766355367
1.376403390165728
1.3936786982938008
1.4387582052061414
1.5500030626881771
1.629284977229755
1.668039311993771
1.6827102069526825
1.640703987255479
2.3264532909010747
1.985027902105818
1.5993402564423131
1.3898422837598958
1.311363012879489
1.2793283332726333
1.3407345046969745
1.4292989361252006
1.4886772007518647
1.5510963413298642
1.5786299715752588
1.6178078186887725
1.5901426152035296
1.555204905889779
1.5763142242131056
2.254006170953242
1.8939933039055854
