18.507166700363157
7.912801202138265
6.6481609551111855
5.925721497535705
5.456719964345297
4.988690281709035
4.690936818917592
4.399735248883565
4.117213311990102
3.8430191802978517
3.661224929491679
3.445554633140564
3.2568703961372374
3.1052843777338666
3.118471249739329
2.939336025714874
2.6568093721071877
2.528800750573476
2.530349183877309
2.994573039213816
2.879423498312632
2.490125675201416
2.2435920278231305
2.1147597459952037
2.072490111986796
2.1736905109882354
3.152509974638621
2.6938454190889995
2.27718222339948
2.003388525247574
1.889601990779241
1.8413946994145711
2.2545218042532604
2.481215638319651
2.128518669605255
1.919164256254832
1.7983143337567646
1.7416563403606415
1.760633582274119
1.793259789943695
2.7916500079631805
2.6608288995424907
2.0638137459754944
1.7686287760734558
1.6098827993869782
1.5636143827438354
1.5808983035882314
1.6159840540091197
1.6956138332684836
2.044161496559779
2.6713203096389773
2.1121147441864014
1.7476971928278606
1.5528178362051646
1.460529618660609
1.4448093525568644
1.5092106397946676
1.6058475581804912
1.6591288761297862
2.465444374879201
2.182032772699992
1.723399937550227
1.5003920531272887
1.399091180562973
1.3966231139500935
1.4394544359048207
1.5262758815288544
1.5952904319763184
1.666875070333481
2.427790162563324
2.1362111564477284
1.6912812141577402
1.4425536318620047
1.327865067323049
1.2975856991608938
1.3312752469380698
1.4131943368911744
1.6080093570550282
1.634031818707784
1.812701054016749
2.343764902750651
1.7867299656073252
1.4790661823749542
1.308108141819636
1.2393066438039144
1.2570945608615876
1.3308393096923827
1.4187906527519225
1.5070026981830598
1.5500169730186462
1.5579991292953492
1.5560192668437958
1.5347346742947896
1.641488332748413
1.7978947393099467
2.2922181459267934
1.6574396061897279
1.381086503267288
1.2219701365629831
1.1550286275148391
