17.65783336989176
8.023899127555781
6.622520721402756
5.9562048925711295
5.466447472230753
5.122165109503235
4.780456928947252
4.4881695689991075
4.273401108034019
4.141524118816955
3.840082974693495
3.662399830312647
3.5546753413356136
3.4452308781850647
3.2946712834104086
3.1202855239966536
3.074211776427348
2.7682596872050986
2.843348839904654
2.8791304092352576
2.591746770208408
2.4844078737548565
2.387477261289143
2.351249471093317
2.988503941833802
2.632569834291081
2.2916439392505197
2.144641731734945
2.0753393890522953
2.0643436440765686
2.1017272168380825
2.720909958924127
2.75287103994528
2.176177441561461
1.930774823300818
1.8361394043296662
1.8199778808905265
1.8688554449545962
1.9384994783510794
2.479972871121841
2.455591279319501
1.9681839963426562
1.7749749025847645
1.7001155891527762
1.7029896896001602
1.7623193345985304
1.8365755716504204
1.9076962409525
1.9047377304224709
2.6089326348209108
2.3992277230096066
1.9437619522854388
1.6781583751170204
1.5530686477535434
1.5251879534953645
1.5658455318571163
1.656872793050072
1.726705354400897
1.7425277595192108
1.7787123778488028
1.854090205919435
2.5633749869628075
1.9334711895289598
1.630226924631179
1.487741826940061
1.434935588549748
1.4496821499827257
1.5376782307993717
1.6283069155619274
1.670311522347196
1.7059600462544613
1.706667285935585
2.446002545534369
1.9049977060716952
1.5918860746318084
1.4213514802790645
1.3644319383326096
1.3751564118103858
1.4409520386966388
1.5637729553916735
1.6315728330338923
2.0236866262375797
2.166009816535906
1.647858137387601
1.4384559044523704
1.341072989398224
1.3255187051002482
1.3772065154460917
1.4583925801225242
1.5275155541548415
1.6119189983111057
1.6454215083901043
1.6030291267657348
1.5728970011189196
1.5963459954220791
2.304850335449066
1.8466822797042934
1.4971063369324693
1.3272373368883543
1.2686970999042761
