17.273788038889567
7.637986307144165
6.434890019098917
5.712178150812785
5.215664240519206
4.789581609567007
4.3841609581311545
4.087087925275167
3.783229870001475
3.5003467615445456
3.2635208876927693
3.1158234691619873
3.0568037486076354
2.9485005140304565
2.774953472614288
2.6715697288513183
2.768244984149933
2.779472428162893
2.7139654556910195
2.6360313153266905
2.3121763237317405
2.149265791575114
2.089216770728429
2.922489127318064
2.8270885721842447
2.348343218167623
2.123085865974426
1.957341016928355
1.8797999405860901
1.8585010627905527
1.8929742515087127
2.228629813194275
3.304252521197001
2.3994601821899413
2.002700911362966
1.7948054802417754
1.7032852864265442
1.6805733402570089
1.7196448540687561
1.7617982391516367
2.5248169585069022
2.691040029525757
2.0656645198663077
1.7991280023256937
1.6566304127375284
1.5814830760161083
1.593216556708018
2.500248271624247
2.2761687445640564
1.8278523337841035
1.6042577302455903
1.4925887099901836
1.4840498240788778
1.5395577518145243
1.6303880600134533
1.732511829137802
2.1300495719909667
2.589887235562007
1.9467574147383373
1.6131222780545553
1.4433669253190358
1.379844115972519
1.3987139471371968
1.4558077359199524
1.5438911533355713
1.640744286775589
2.606063778003057
2.0583600989977517
1.6375399323304494
1.4265887705485025
1.3254371658960977
1.3150242936611176
1.368757969935735
1.4797148716449737
1.5996003472805023
1.6529299247264861
2.4404397332668304
2.0095945580800376
1.593217721382777
1.375883622566859
1.2754796862602233
1.2437034332752228
1.3000070663293202
1.3996218184630076
1.5025226525465647
1.562818901538849
1.58447789311409
1.5755194238821666
1.5547979068756104
1.5430114948749543
1.6013116598129273
1.591837999423345
2.4325356602668764
1.9269441775480907
1.5777886406580608
1.3414087291558583
1.2363797005017598
1.2045013213157654
1.210688650806745
1.2634457246462505
