32.7851714070638
19.86849465052287
15.277168944676717
12.36983380317688
10.406104704538981
9.007134410540262
7.942642113367716
7.1470966164271035
6.483311616579692
5.960412990252177
5.505662926038107
5.123520572980245
4.8040335702896115
4.512031103769938
4.250794681708018
4.0274075214068095
3.8670682803789775
3.6664113267262777
3.5030761392911276
3.3687652571996054
3.234379289150238
3.1333412599563597
3.048195140361786
2.9564329783121743
2.885931757291158
2.8006349142392475
2.7348146796226502
2.6761588557561238
2.612755937576294
2.562581258614858
2.502395300070445
2.466033284664154
2.4595274130503335
2.5486427585283917
2.3811756054560345
2.285125718911489
2.233752733071645
2.2202771536509194
2.213813328742981
2.172244197924932
2.1518080814679466
2.131607472896576
2.128626976410548
2.0996607116858166
2.068938375314077
2.132997671763102
2.3355733585357665
2.0740714494387307
1.9293155745665231
1.8760854232311248
1.8586722322305043
1.8677079836527506
1.8940400171279907
1.9151833192507426
1.890802652835846
1.8846161917845408
1.8710415144761403
1.836734374364217
1.8292622284094493
1.823505099217097
1.8150724856058758
1.8086702497800191
1.807224406003952
1.7803793946901958
1.7579085167249044
1.7477361289660136
1.7514643116792044
1.7460467704137166
1.716263176202774
1.6838127668698628
1.6879387784004212
1.6892867235342661
1.6894232126077016
1.673002876440684
1.6515204393863678
1.6609465885162353
1.6385541649659474
1.6345970988273621
1.6307149505615235
1.636791261434555
1.621467250585556
2.295400446653366
1.8618639624118805
1.5498925896485647
1.4334559261798858
1.3867644786834716
1.3748071026802062
1.390403807560603
1.4457334820429484
1.4702923623720805
1.5081382723649344
1.5231316538651785
1.5406926397482554
1.5515069031715394
1.5508716396490734
1.5398601353168488
1.517959097623825
1.514508601029714
1.5080998516082764
1.5129119181632995
