19.55863230228424
7.986405641237894
6.756133694648742
6.02358894666036
5.581542584896088
5.213260916074117
4.8158984375
4.486851072311401
4.133896685441335
3.949832611878713
3.6202965315183
3.400266431967417
3.3015948510169983
3.0826592508951824
3.0197051564852395
2.845061370531718
2.821392688751221
2.7004202079772948
2.726588613986969
2.7791220037142437
2.466338894367218
2.32540891567866
2.261561080614726
2.2455397125085197
2.3225560704867045
2.6741897877057395
2.700629423459371
2.524698816140493
2.196319276491801
2.3462473173936207
2.1448081199328106
1.9835768314202626
1.8790491886933645
1.8403009553750356
1.8643978691101075
1.8998894230524699
1.9264785341421764
3.236934645573298
2.300841234922409
1.888905757665634
1.6970898294448853
1.6130239232381185
1.6233840950330098
1.683033707936605
1.7604900856812795
2.638971153497696
2.460910185178121
1.9626815295219422
1.8436808693408966
1.6367982812722524
1.5321161023775736
1.517194862763087
1.551778951883316
1.6275867454210917
1.7183930464585622
1.7874878990650176
1.8442495528856913
2.3726685404777528
2.331857070128123
1.8651449437936147
1.7098285893599192
1.5191671073436737
1.4407442200183869
1.4091595180829366
1.4220990121364594
1.5086749653021494
1.5830700957775117
1.6225650091965993
1.7152926894028981
2.3323286283016205
2.106374092499415
1.7938364203770956
1.5463550511995952
1.6337850268681844
1.453731408516566
1.3430419818560282
1.3124262547492982
1.3315269084771475
1.3977341485023498
1.5060849452018739
1.620364288489024
1.7162746985753377
1.6669318135579427
1.6330094607671102
1.545097830692927
1.7733793036142984
2.284080717166265
1.6872800191243489
1.3960684903462728
1.2611090608437856
1.19899567425251
1.1876494175195693
1.2476685877641043
1.4231948153177898
1.493262573480606
1.5270378808180491
1.626902928352356
2.3458997480074566
1.7496469962596892
1.4118745334943135
1.249593517780304
1.165095100402832
1.1668093729019164
1.2022124602397284
1.2994346940517425
1.4472591412067413
1.6043494641780853
2.22066410779953
1.660919862985611
1.399591182867686
1.2282016350825629
1.1543877995014191
1.1474733604987462
1.1746969817082087
1.2542400209108988
1.3693822348117828
1.4332863326867422
1.5378333711624146
1.7040932917594909
1.6606815163294475
1.7665556899706523
1.7618986733754476
1.4449257298310598
1.2542600492636362
1.150351007382075
1.0935901868343354
1.1103136740128199
1.1954414771000543
1.4524019134044648
1.5856291834513347
1.504836170276006
1.438349863688151
1.4402879838148752
2.1931852328777315
1.622119741042455
1.3195079068342845
1.155334883729617
1.0806721889972686
1.0488823940356573
1.0836886656284332
1.1288293115297954
1.267550946275393
1.3285216736793517
1.3357130873203278
1.3473046803474427
1.3964523351192475
2.282738723754883
1.6941302581628164
1.3649969093004863
1.1783709349234899
1.071006996035576
1.0479738394419351
1.0412565688292186
1.0960628428061803
1.1643475049734116
1.287148643732071
1.3316853074232737
1.3486592555046082
1.3644430991013845
1.508430776198705
1.778678645292918
1.8882992494106292
1.4677378265062968
1.2371795364220937
1.0939721330006917
1.020138092637062
1.004187548359235
1.0549983642498653
1.133455206155777
1.2276601332426071
1.3776698223749797
1.4694877401987712
1.4339377975463867
1.4916861792405447
1.5767376077175141
1.5104724117120107
1.290708952744802
1.1740014946460724
1.1019690889120102
1.09274225572745
1.0805875577529271
1.149945286909739
1.27754642923673
1.3389363376299541
1.7666402423381806
1.9354856057961782
1.4786176558335622
1.245322940349579
1.1013097049792608
1.0167229411999386
0.9658200899759929
0.9561747298638026
1.0301671667893728
1.0864632642269134
1.2448083555698395
1.2839072994391123
1.5217444352308909
1.503078315258026
1.6066057324409484
1.9330218815803528
1.464576658407847
1.24472238779068
1.0943332475423813
1.0142482807238897
0.9781239543358485
0.9585896452267965
0.9875697179635365
1.026514744758606
1.1735068986813226
1.2778869994481405
1.3343997379144033
1.6387206180890401
1.8712194856007893
1.5105592087904611
1.2354954008261363
1.0987350869178771
1.0022685277462005
0.9786022430658341
1.0500026265780131
1.0665516595045725
1.1167124114433924
1.196455505490303
1.3838981437683104
1.3357048273086547
1.2353211530049641
1.1601406653722128
1.1184828114509582
1.1567027924458186
1.6910793832937876
2.0345753502845763
1.4526808393001556
1.220386403799057
1.0786130630970001
1.007668791214625
0.953775684038798
0.9956581336259842
1.0859152972698212
1.118216068148613
1.108991845448812
1.1712559833129248
1.186491656502088
1.2714201672871908
1.4273447728157043
1.8691025602817535
1.4779819305737814
1.4149207679430644
1.1967671815554302
1.0531579923629761
0.9739769591887792
0.9356650871038437
0.9543196284770965
1.054286277294159
1.166618186235428
1.1878390218814214
1.2348602290948232
1.2294367130597432
1.242145020365715
1.3415775609016418
1.3885656706492107
1.7835688511530559
1.6493947184085846
1.2897495448589325
1.119393089612325
1.01994497915109
0.9922911453247071
0.9519807444016138
0.9356915372610092
1.0151682100693384
1.3374983513355254
1.606406232515971
1.7908377834161122
1.4223223912715912
1.1774462215105692
1.0619652392466863
0.9967244372765223
0.9386314467589061
0.9293029350042343
1.054058542251587
1.2665846562385559
1.195533499121666
1.1207069204250972
1.1263443406422933
1.1207430422306062
1.151272443731626
1.3179201507568359
1.2965664422512055
1.2096186045805613
1.187931440869967
1.9850923550128936
1.5635478047529856
1.272822409470876
1.0949911383787791
0.9931832669178645
0.9344846457242966
0.9215784009297688
0.9748258928457896
0.9655787303050359
0.988226266503334
1.3905732667446136
1.5421291637420653
1.4308594818909963
1.3945480207602183
1.2318302756547928
1.049003755648931
0.9681327762206395
0.9274884859720866
0.9493317272265752
0.9807379482189814
1.0872777936855953
1.1663681014378866
1.3885043726364772
1.8633917021751403
1.6444112487634024
1.3163173985481262
1.1271465533971787
1.0247148925065994
0.9594743035236994
0.9124903253714244
0.9070987369616826
0.9470627617835998
0.9856013826529185
1.0953831632932027
1.8813355894883474
1.5327570295333863
1.2390541636943817
1.0696542759736378
0.977915169596672
0.9529462389151255
0.9594128481547037
1.0384031395117441
1.049416425426801
1.0645312656958899
1.1812159552176793
1.887691149711609
1.7095999721686046
1.335181304216385
1.149936213493347
1.0449816187222798
0.9680019992589951
0.9208934676647186
0.9199373104174932
0.9426705251137416
1.0501809457937876
1.0644419753551484
1.2183232116699219
1.195474595228831
1.1701440944274266
1.2604826146364212
1.284518967072169
1.326292082866033
1.620440804163615
1.6434268299738566
1.319436932404836
1.1288581303755443
1.0095663837591806
0.9488572309414546
0.9154184021552404
0.9012614516417186
1.0448435576756796
1.0722963790098825
1.1092150702079138
1.1198218125104904
1.165235695441564
1.1590097955862682
1.1126600867509842
1.1138914223512013
1.1407494968175889
1.1911039050420125
1.9926101811726888
1.508851756254832
1.2411288086573282
1.0888527377446493
0.9964465683698654
0.9761852731307348
1.0198092460632324
0.9685933113098144
0.9300812178850174
1.009095119635264
1.068456881046295
1.0381470878918966
1.066203844944636
1.2878126827875773
1.4646539902687072
1.7286681000391642
1.7123914337158204
1.3617656155427298
1.1490731020768483
1.0301663521925608
0.9567366361618042
0.9120970312754313
0.9291964604457219
0.946265946427981
0.941052656173706
1.2251142742236456
1.685442722638448
1.5580875293413798
1.3084275766213735
1.0987356454133987
0.9841395950317383
0.9831835305690766
0.9547615540027619
0.9250649038950602
0.9219739190737406
1.0143979952732722
1.0827127901713054
1.1363878697156906
1.155008827050527
1.1865994121630987
1.336129504442215
1.614162073135376
1.514748284816742
1.2203306949138641
1.0600283686319987
1.024624333779017
0.937343923052152
0.8707993837197622
0.8767990159988404
0.903192609945933
1.1344119270642599
1.1146213048696518
1.5788875883817672
1.740020574728648
1.4431070856253305
1.2263279330730439
1.0637719388802847
0.975739659667015
0.9279039851824442
0.8920079757769902
0.9147803797324499
0.8923374164104462
0.9681003353993098
1.009537687699
1.0527587693929672
1.1981823859612146
1.1950421706835428
1.1481844580173493
1.1424204548199972
1.1248257118463516
1.0925692542394003
1.540641228755315
1.7644919764995575
1.3683981132507324
1.150674904982249
1.0270694969097773
0.9547803282737732
0.899518137772878
0.8775276082754135
0.8679693885644277
0.9182215120395024
0.9404823209842046
1.217503853837649
1.2298317110538484
1.1875274765491486
1.152600610256195
1.0708924488226572
0.9929863365491232
1.038130539059639
1.3441493304570515
1.1705299441019694
1.2151763900121053
1.846723397175471
1.5143828507264454
1.2397881887356441
1.0924608234564464
0.9947414632638295
0.9283594572544098
0.8876503278811773
0.9215732077757518
0.8699751969178517
0.9869942981004715
1.006152965426445
1.0139230893055597
1.0505005021890004
1.0569958166281381
1.6771145159006118
1.6850230741500853
1.375852150519689
1.1523282438516618
1.032134336233139
0.947182582616806
0.894207579890887
0.8909435139099757
0.9020626731713612
0.8978546476364135
0.9646404246489207
1.023548498749733
1.0404636985063553
1.4376939753691356
1.4611382794380188
1.3588436965147654
1.3229463374614716
1.373177434404691
1.3767319560050963
1.127128854393959
0.9889725816249847
0.906871440410614
0.9141608111063639
0.9843339562416077
0.9377185175816218
0.9397147174676259
1.6389410253365835
1.529507685105006
1.318544744650523
1.126147850950559
0.9936517266432444
0.919367199341456
0.8840743829806645
0.8693196072181066
0.8847589478890101
0.9297524044911066
1.088834104537964
1.181266175309817
1.310899825890859
1.2766388136148452
1.1109973247845968
1.009323575894038
1.0829614545901616
1.3634716498851776
1.3269406974315643
1.2255399185419082
1.0460373349984486
0.9484011069933573
0.9507173933585484
0.9170821199814478
0.954409529765447
1.0273480540513993
1.066304810245832
1.1499293682972591
1.9233956174055735
1.5169018908341725
1.3777885886033376
1.1712754460175832
1.0358653897047043
1.026870985031128
0.9550384966532389
0.9701330784956614
0.9470085761944453
0.8854378926753997
0.9079045470555623
1.0226532816886902
1.016365662018458
1.1188216718037922
1.1231571358442307
1.1134851874907812
1.2867618268728256
1.2882604098320007
1.4599376781781515
1.4184134344259898
1.2108072618643442
1.3045660054683685
1.5088903590043385
1.2187103448311487
1.072619848648707
0.9626214510202408
0.8986165922880173
0.8575305233399073
0.8842719934384028
0.9324282530943553
1.04366535226504
1.1209183537960052
1.1673880571126938
1.1178410629431406
1.1822146858771643
1.1344186770915985
1.5875810007254283
1.7315015582243602
1.353901451031367
1.1476577126979828
1.0415078908205033
0.9709858963886897
0.913226084113121
0.8886968849102655
0.8847279413541158
0.9701624596118927
0.9643248065312704
0.9823787480592727
1.0295706375439961
1.0672442185878754
1.0970434043804804
1.251536076068878
1.8369852674007416
1.4357852466901144
1.1959420273701349
1.0513784792025884
0.9647247040271759
0.9091911602020264
0.9207147506872813
0.8779888222614924
0.9285881304740906
0.980638913710912
0.9810288180907567
1.190973969300588
1.458822786808014
1.5246151896317799
1.2341893674929936
1.0604490929841994
0.9944795737663905
0.9581507996718088
0.9864682948589325
0.9293395227193832
1.0315764089425405
1.0323869733015696
1.021198313633601
1.0112952266136805
1.0124378339449565
1.1640330175558726
1.1083053596814474
1.052153167327245
1.0065922236442566
1.0655179150899252
1.654359500805537
1.7045715030034383
1.3375747799873352
1.1512592869997025
1.0394096543391547
0.9661062506834666
0.9200450684626897
0.9037716275453568
0.8887107712030411
0.95261523326238
0.9684220061699549
1.004888346195221
1.0565617821613948
1.3764449747403462
1.3870635843276977
1.3969937225182851
1.2036767782767614
1.0349124705791473
0.9611814926067989
0.9217769207557043
0.8822420523564021
0.9023131682475408
1.3072919114430746
1.6347478087743124
1.4802353656291962
1.1752812363704046
1.0389614017804463
0.9485640754302342
0.8995359935363134
0.8679976799090703
0.8740730112791062
0.9049887214104334
0.93143119653066
0.9624993352095286
0.9548219553629558
0.9818763854106267
1.0274104152123134
1.07648528277874
1.275378552476565
1.284998897711436
1.1630173939466477
1.0900743375221889
0.9781621776024501
0.9567569500207901
0.9757118952274323
0.9722901890675227
1.6617894508441289
1.6819242556889853
1.3092294947306315
1.1267724460363389
1.0224226478735605
0.9503414978583654
0.9063747364282608
0.8761573785543442
0.8666679390271504
0.8626132502158483
0.8678471803665161
0.944392100572586
1.0072303899129231
1.1325199482838313
1.218749386270841
1.0801704452435175
1.039397688905398
1.087362462679545
1.0746203432480494
1.069506270090739
1.5889347141981125
1.6962549595038097
1.291080754995346
1.1339654692014058
1.0244847345352173
0.9438713643948237
0.8947263717651367
0.8586316239833832
0.8958903932571411
0.9126498977343241
0.9727370572090149
1.4675456917285918
1.5255452795823414
1.283182104031245
1.1072770045200984
0.9939064532518387
0.9229882840315501
0.8832879056533177
0.8755219362179438
0.8768158710002899
0.9281282192468643
0.920154896179835
0.9868173094590506
1.0948955388863881
1.2083151612679164
1.2210918126503627
1.1647664531071982
1.1363161657253902
1.0084537001450857
1.3782392360766729
1.5843229758739472
1.2191347593069077
1.0622690027952195
0.9618712222576141
0.8965636450052261
0.9032599139213562
0.8770252917210261
0.8436935333410899
0.8694195493062338
0.9745312984784444
1.4300368583202363
1.3449077665805818
1.3046093376477559
1.078368377884229
0.9757585533459981
0.9064098306496938
0.875169932047526
0.9499199148019155
0.9013955901066463
1.022238780260086
0.9820322533448537
1.0370824440320332
1.1072166136900583
1.1892385492722193
1.3744642438491186
1.6587630983193715
1.5436435409386953
1.3676160271962483
1.291930333773295
1.1014572062095007
1.007060295144717
0.9434082104762396
0.8974464913209279
0.8716841296354929
0.855535582502683
0.8538127793868383
0.9674786001443862
1.294807717204094
1.2712006310621897
1.1636712390184403
1.053202261328697
1.0820169287919998
1.671626663208008
1.4171368090311687
1.1637230104207992
1.0452889651060104
0.9579455838600794
0.9168726199865341
0.8781846594810486
0.8554152460892995
0.8564815336465835
0.9346325461069743
0.9706250258286794
1.2124800308545431
1.282384632229805
1.1043707225720087
0.9800012203057608
0.8883205181360245
1.2870315237840018
1.1686253295342128
1.0393066906929016
0.9992018336057663
1.2768547439575195
1.1669476014375686
1.0469541198015213
1.004166193008423
0.9469450865189234
0.8967364172140757
0.8854076755046845
0.9175775998830795
0.9737611373265584
1.1408174524704615
1.3503500161568325
1.7835889891783396
1.4400712915261586
1.191771469116211
1.0698662149906157
1.0100189596414566
0.9358502533038457
0.8910596626996994
0.8594661845763525
0.8388970696926117
0.8679079143206279
0.9062038056055705
0.9672314816713333
0.9984795437256495
0.9967822982867559
1.0648590540885925
1.1375025794903437
1.6208090136448543
1.5381759798526764
1.2419073911507925
1.0837441698710124
0.9888037548462549
0.9364086467027665
0.8937043863534927
0.897999123732249
0.9301876403888066
0.855155525803566
0.8549721854925155
1.0294212760527928
1.0062102295955022
1.2828601970275244
1.6714100484053294
1.5030316253503164
1.2275371972719828
1.0811035730441412
0.9911923724412918
0.9284026036659877
0.8834874111413956
0.8541724580526352
0.8793163079023362
0.8968673924605052
0.8889156615734101
0.909896211028099
0.9382262869675955
0.9560841099421183
1.1623029373089473
1.5438123349348705
1.6776086171468099
1.411256140867869
1.2137013238668442
1.0692582434415818
0.9850052011013031
0.9144084854920705
0.8864077452818553
0.8614334321022034
0.8434475610653559
0.9227077150344849
0.9888008894522985
1.5839269385735193
1.5504338622093201
1.2606753830115
1.0933235466480256
0.9960918142398199
0.9315784325202306
0.8846775263547897
0.8627332546313604
0.8599300736188888
0.9038887945810954
1.0373479994138082
1.000969881216685
0.9487148916721344
0.9543946711222331
0.9353890144824981
1.0121664321422577
1.1487093186378479
1.3335746157169341
1.3656298569838206
1.2924692519505818
1.2460673479239146
1.1117738566795985
0.9589133588473002
0.9172395958503088
0.8562206377585729
0.8333272246519724
0.915392817457517
1.026757033864657
1.0031954230864844
1.0027336237827937
0.9864867482582728
0.9979446804523469
1.2104051574071248
1.7381968017419178
1.589236205816269
1.2884818331400554
1.1161018643776577
1.0200928809245426
0.9561668439706167
0.9118130598465601
0.8850467757383982
0.8509183571736018
0.8334059435129165
0.8386912218729655
0.8795601310332616
0.9200079200665155
0.9822828964392344
0.9676369259754817
1.0202940303087233
1.1181242561340332
1.4906411343812942
1.609335920015971
1.3457709344228108
1.2285822240511577
1.1511966760953267
1.009619433482488
0.942699496547381
0.8854400126139322
0.8616369376579921
0.9545841620365778
0.9142319862047831
0.9883350004752477
1.1500233723719915
1.2103932489951452
1.0965906441211701
0.9605345465739568
0.9586500390370687
0.9872221024831136
0.9494531925519307
0.9917287993431091
1.2008060745398204
1.4909622983137767
1.5610283855597178
1.3464319495360058
1.1298051240046818
1.0217873318990072
0.9429259524742762
0.8865689460436503
0.8548244933287302
0.9087072233359019
0.930698095758756
0.9266234743595123
0.9031094970305761
0.9589131885766983
1.0987328732013701
1.0727532428503037
1.3022160653273265
1.6744264177481334
1.3991234894593556
1.1707392132282257
1.0630379104614258
0.9673463229338328
0.9198653982083003
0.8755416693290075
0.8434291434288025
0.8347996234893799
0.8825270934899648
0.9274048807223638
0.929641383488973
1.1493967692057292
1.4599251357714336
1.4629234592119853
1.3927150026957194
1.2852431492010752
1.3480321057637532
1.1258191448450088
1.0431080106894175
0.9693579771121343
0.9043083715438843
0.8586950361728668
0.8676216308275858
0.9144885112841924
0.9196640618642171
1.0077294850349425
0.9748017768065135
0.9788536628087362
1.273891862432162
1.6498343058427174
1.356253411769867
1.1406465830405552
1.0566828221082687
0.9641754758358002
0.906680488785108
0.8870151758193969
0.92932235399882
0.9195383006334304
0.8753975625832876
0.9121938886245092
1.0230779087543487
1.131030165553093
1.241833943327268
1.207901069521904
1.2083863433202107
1.1569820586840311
1.0933295756578445
1.0102443385124207
1.0291075758139292
0.9441264206171036
0.9147106983264287
0.883870839079221
0.8716578795512517
0.8920592482884725
0.9832972089449564
1.1568442885080974
1.533276205062866
1.63147207736969
1.2734806859493255
1.1133112621307373
1.0164336975415547
0.9482205786307653
0.9028953150908152
0.934154183268547
0.8712159671386083
0.8491913918654124
0.8552892619371414
0.9302183322111766
0.9357237269481024
1.0568966100613275
1.7322529578208923
1.3582151305675507
1.1367961492141088
1.0272520472606024
0.95675816655159
0.8996240351597468
