17.672688795707288
7.730469771989095
6.271120816042225
5.597650366731223
5.046985514184465
4.637903753870879
4.256455508890671
3.9590816894028453
3.666779826227095
3.4348073258440954
3.3616071471512146
3.212795075851047
2.9434458314518532
2.8255651557343056
2.8759383028079584
2.8500724105233792
2.7377934934075037
2.6254409917104553
2.4502528601867763
2.4517557723474366
2.333447336809
2.2626656871128903
2.845267391819667
2.6347854301376126
2.361723698995858
2.179080847341215
2.030999093137703
1.958030591721521
1.9505108779344313
2.230561604130917
2.8670966843820915
2.3153856350562636
1.972174170365648
1.8318111104063455
1.7609817605988685
1.7766141515748206
1.8256161130943407
1.9437017529605112
1.97034055728967
1.9855991417494065
2.6705731621444397
2.2760411572661305
1.9639324602219983
1.7018676518027624
1.6035519865659043
1.5955576411632548
1.620944763322956
1.6898880944211025
1.7777200718663826
1.806920558470368
1.810500665517113
2.5284323767468035
2.088512766668653
1.6945116065634698
1.5351596602737734
1.4723328594491953
1.480760330457059
1.5444841774281937
1.6529635067997144
1.7078697609696485
1.736224994618435
1.7439118586160391
1.6907407813905644
1.6431850372549457
1.630247358947907
1.6239508533887672
2.353916480069857
2.215841426890354
1.7386202880509602
1.4941266081736218
1.3853686501440141
1.3273940585062634
1.3793331579355934
1.4432498127819815
1.5052430359886848
1.5555045908706577
1.5773107175499115
1.5882454557200216
1.6229165604599567
1.6095787703478575
1.6051116269775654
1.5656856182311532
1.5522192788329028
1.5296499073334615
1.5888463217754418
2.502312764397323
1.739553427969487
1.5161767549022904
1.3387836624353184
1.2547985250423837
1.237917815716697
1.2781401087014927
1.362655212681068
1.494098343275338
1.8178339455394144
2.178998198413576
1.7114499810773527
1.4422462785824663
1.2920011100932998
1.2178154941274648
16.558918223340054
7.51768714992228
6.124202260998395
5.425296141288342
4.938941514252933
4.431590869980077
4.114863825390879
3.7000305864394223
3.4595859781718867
3.2135351913364705
3.179669643883036
3.1651645950055056
2.8889425244918865
2.671661851057692
2.649423978390188
2.9848497153011637
2.7656559985141698
2.4788312228839513
2.2975839178336726
2.2337338285664776
2.2303692744591173
2.4369941536539947
3.082790813336741
2.5635488989701587
2.206335756020423
2.008723268877811
1.9446644461940559
1.9127640160585202
1.9512522056656103
2.0002659603654482
2.0446987561988283
2.0708760740422245
2.956711146756366
2.3027290983664614
1.9110234367813286
1.7406879929895045
1.6871514474081788
1.711918458214462
1.7705220769674526
1.8391161634450655
1.8842064207126212
1.8984462784491158
2.5885128896352554
2.328627229761599
1.8567981716554964
1.6212371806360588
1.5364411106082294
1.516065396347155
1.5644023114425747
1.661011030134294
1.7389814262745373
1.7966082553808873
1.7908641895796986
1.9586912943503918
2.560688077549538
1.9044668735952295
1.5966778091851483
1.4503831361289694
1.403470803810054
1.4388137645912717
1.5195848463599524
1.6026525138783934
1.6547121728388832
1.673466525993238
1.6642468498224516
1.6525107652888258
2.1970059748706983
2.1130070153485057
1.6496879712899981
1.4386207749987059
1.3349173629181432
1.322343529807804
1.371636714498088
1.4592815644419979
1.5551263681455465
1.6168051425228829
1.9839215118085758
2.10522462952786
1.6442079841236672
1.4101500740023944
1.3102818587447989
1.2826616770900081
1.3066789249977615
1.404365232817423
1.4822852123091077
1.5559642031404555
1.5752542725948344
1.5884917889078571
2.209705529718481
1.8376117490424126
1.6438940565360651
1.3934316409693064
1.2673005651266323
1.2385814917463287
1.2451198961809917
1.3308987593582504
1.4006488425683838
1.4870264960564994
1.5474849324513302
1.5176460138364645
