15.632421028183167
7.295836797679764
6.407113938446504
5.8791399002075195
5.459713338369347
5.117307387202619
4.772301302616855
4.424451608973813
4.280154873807747
4.025716629373022
3.699947691825499
3.5048572945307535
3.3132018188396133
3.2211786185402467
3.12570979078132
3.0184251508080817
2.8928238498159202
2.8146672406828546
2.620505599372358
2.6364224014512025
2.769431371286691
2.666920591549701
2.4245189166212655
2.4902164562638984
2.671488843768476
2.505285591246134
2.217613370662712
2.043352334973324
1.9983763809663704
2.1592491132667266
2.9933293871132722
2.5094108222478844
2.1468531751489066
1.9288725727293865
1.8265622419765197
1.8010257525616382
1.8298065324863755
2.714433516723564
2.499581265880401
2.013799109372748
1.7817586100245097
1.6668279530054115
1.6730660853615726
1.7124946720628853
1.8592785025935574
2.8311747348452188
2.380003764686814
1.8988994277385345
1.6558599080666
1.556152679834021
1.5521776543324253
1.595176270209163
1.6887002684265735
2.1082404334861113
2.4316411768815605
1.8494312827845654
1.5977495341415864
1.505293535898967
1.8768668293234814
1.8451180249811656
1.6824168401310242
1.5812868314335145
1.5785857087158295
1.5930075139166362
1.6608385472412568
1.7477157317012189
1.8334323950560696
2.5633989005203706
1.9142584032322987
1.5543703849775246
1.3887993355831467
1.352689277335822
1.3625170875744648
1.4532809842781849
1.6276297418467969
2.2820067937115587
2.0154159345540656
1.660905122756958
1.4332794916917042
1.3271787748279342
1.331096759043544
1.3683274531938943
1.4598122178071953
1.5548682575484356
1.6420878100107952
2.3418271160987487
1.8368625231536038
1.4864305114171592
1.3202128212854087
1.2609496840152397
1.280249802642558
1.335473134934184
1.4607108195862137
1.888191733015589
2.171152080398008
1.6725274328007755
1.388058901551258
1.2709527141358479
1.2169953369232545
1.2499853187655827
