16.187614212036134
7.298730001449585
6.391505336761474
5.856485265096029
5.524809180895487
5.152841769854228
4.875609026749928
4.670214947064718
4.355925633907318
4.114411317507426
3.8797117630640665
3.7961344639460246
3.5233014965057374
3.4943682519594828
3.382603158950806
3.2258905522028605
3.012565586566925
3.207527849674225
2.890790786743164
2.902054105599721
2.7279631813367207
2.520093913078308
2.5513913027445474
3.00293142636617
2.710613895257314
2.409285032749176
2.2336815758546193
2.1549040850003562
2.9085073844591776
2.6940424919128416
2.4314464847246806
2.289604553381602
2.09585431655248
1.9805312434832254
1.935302614370982
1.968939395348231
2.662800158262253
2.82722706079483
2.2425095132986703
1.920855831305186
1.789890750646591
1.7605772161483764
1.8377230111757914
2.8162009584903718
2.4496275798479714
2.003726371526718
1.774469220240911
1.6819718372821808
1.6967397316296895
1.7360460547606151
1.9424328366915384
2.869597714742025
2.188565425078074
1.8046471969286602
1.6509280149141947
1.592388814687729
1.6062108767032623
1.6938836407661437
1.7750330789883932
2.7078717776139576
2.2063845113913216
1.9160265004634858
1.6446876454353332
1.5252095107237498
1.5057121900717418
1.551231841246287
1.6365391516685486
2.577655557791392
2.199805796543757
1.9600662446022035
1.6953132597605387
1.5068025720119476
1.454640465180079
1.4760634819666545
1.5236221917470296
1.6255466838677723
1.6949707440535227
1.709052924712499
2.179916834036509
2.3101091329256693
