16.05867663025856
7.707699932157993
6.310852110385895
5.627801874279976
5.058324854820967
4.606917807459832
4.164972396194935
3.876513335853815
3.549859278649092
3.2853739246726037
3.1765518143773077
3.062846231460571
2.815806632488966
2.660801976919174
2.88471612483263
2.6264118656516073
2.553000286221504
2.4242187082767486
2.347296941280365
2.241787150874734
2.2784786205738783
2.861088601499796
2.509360570460558
2.3562506422400475
2.2579257022589445
2.023755032941699
1.919963889569044
1.8943148866295814
1.9430463314056396
2.0369462884962557
2.930330852419138
2.2899988502264024
1.9500044796615839
1.7705739486962557
1.7144227806478738
1.7209035214036703
1.7813587717711925
1.9686506245285273
2.7658410176634787
2.0701887648552657
1.7826267555356026
1.641487430408597
1.5990515869110822
1.614721429720521
1.7033972945064306
1.765739456564188
1.805426450446248
1.8055949773639441
1.8216225031763316
1.7958728946745395
1.773008269444108
1.7450901214033365
1.7434262420982123
2.72589729167521
2.0695180483162403
1.7164914395660162
1.5131618771702051
1.4184422880411147
1.4045666825026273
1.4676880247890949
1.5445709336549043
1.6111144319176673
1.6704871460795403
1.6876759234815837
1.6545701686292886
1.6372679498046636
1.644386289268732
1.6548314951360226
1.6396212060004474
1.9055434439331294
2.4153735388070343
1.7978255234658718
1.5227160084992648
1.365401703119278
1.3060911033302545
1.2925867550075054
1.3712464701384306
1.4440989024937152
1.5230276759713888
1.5944986786693334
1.593545139208436
1.5955194663256407
1.5656226359307766
1.5369777265936135
1.5355397112667561
1.5623397704213857
1.5289636604487895
1.547447918727994
1.5254202611744403
1.5044859766960144
2.290917994827032
1.8910381831228733
1.5185785926878452
1.3197518169879914
1.2700029611587524
1.2257203184068204
1.231302715651691
1.2709086712449789
1.3599795576184988
1.4565640825778245
