15.939940517743429
7.208304934501648
6.406884611447652
5.83623177687327
5.511788482666016
5.132622197469075
4.869739046096802
4.582937434514363
4.399660679499308
4.216393790245056
4.0029888391494755
3.814502956867218
3.65583300113678
3.5328389382362366
3.4785152475039163
3.3113032070795696
3.113107778231303
3.076362693309784
2.9556389300028485
3.060948321819305
2.8197033389409385
2.626483272711436
2.7785827724138894
2.835716165701548
2.7957988278071086
2.470928209622701
2.276499163309733
2.1872889892260234
2.4222365804513295
3.0215748890240985
2.5827598690986635
2.1737359702587127
2.037363046805064
1.971316436926524
2.431695954799652
2.9075742228825887
2.3894322967529296
2.114379764000575
1.9382052958011626
1.8336858061949413
1.8391783551375072
1.8839266037940978
2.6559484140078227
2.6129307341575623
2.066013062397639
1.8290837995211284
1.7255365439256032
1.749626916249593
1.7882317411899566
2.6132164335250856
2.4106186513106027
1.9462218709786734
1.7195770672957102
1.6400287969907126
1.6726443143685659
1.7117964283625284
1.8163949183622996
2.918873265186946
2.1335724353790284
1.8414192759990693
1.631833201646805
1.5484486393133798
1.5559767373402913
1.6284804673989615
2.0446710002422335
2.5656386915842693
1.9541949379444121
1.6491841065883637
1.5207706399758656
1.4897429792086283
1.7767482388019562
2.511096029281616
1.9212188982963563
1.6260905532042185
1.4892921233177185
1.4573898633321127
1.519625780582428
1.621975724697113
1.6798403688271841
1.8613719288508097
