15.572327613830566
7.274771789986443
6.359451246128773
5.828851459418167
5.402460966933736
5.087000265759014
4.815003458835952
4.482837072654023
4.3194782242469465
4.094978438778508
3.890176119578582
3.675980818304843
3.568729823678317
3.3672494383575526
3.2737873211544537
3.08158263721838
2.9500764253079725
3.024823748633722
2.9919265551819443
2.679523286713199
2.6627101280563057
2.6098721532104405
2.395421468115783
2.259005474845015
2.3397633132828313
2.8829741663919517
2.58984341661246
2.165865291459979
2.0072499125116714
1.9422176704433303
1.9499006988610397
2.378047750520839
2.992784474885563
2.235577052682223
1.9229015580126834
1.784387298945265
1.7924478585341515
2.54740866611927
2.1088341700333406
1.8209100287604796
1.711298403301611
1.7219961948049434
1.7750364180062808
2.634116256801531
2.236137083645983
1.898955571618253
1.664825619429267
1.55434365060004
1.568597277891005
1.6682043254873546
2.063571304663974
2.4424347200101466
1.9175303314389625
1.6633091570607135
1.5142657687072967
1.4705344239317275
1.5356535509768303
2.2805047991548077
1.8906727713794762
1.617114936076831
1.4973147655928036
1.4670078329389142
1.5483369687805602
1.63018377112811
1.9664790354731356
2.3922021780837546
1.806296622852761
1.7010939692388338
1.4547626663383335
1.3771316958669169
1.3746644544070146
1.4609669430342225
1.553605162333645
1.6307909804134315
1.6863465481813904
1.6868084190947763
1.6231370961765725
2.3680898432612087
1.7962625013420508
1.5758843783880674
1.385070861216043
1.3056815782961406
1.2794122460160746
1.3411460487291342
1.458545271732681
1.5716828386763677
1.610650115026405
1.6101021613915318
1.5908384439340872
2.350150862444078
1.873836510360739
1.4617015379052973
1.284408328260884
1.2155862930425363
1.2120828150374643
1.2923303603461858
1.4179585853326953
1.48825744134802
1.6208991363520078
2.3441605036637245
