16.115529323354735
7.315782554966494
6.378323108704973
5.86087480959454
5.5080203319326415
5.123897796885881
4.801367635514411
4.5398856989188445
4.34400669711546
4.148327193220346
3.8947190839932158
3.693435395992566
3.5274804103341277
3.380501825497343
3.228646538051722
2.979806888070279
2.8985915257074044
2.992051909560945
2.9696530166774737
2.7197339966436616
2.7639942713766708
2.719037061282187
2.7783703531727486
2.4079304073514383
2.2144269777207652
2.1246284395871387
2.8439938829469815
2.521454949232861
2.223981429607423
2.0577427298245654
1.9810451518194256
2.704595624570395
2.4816167201836463
2.1638603416325988
1.9333676986375559
1.8135447624998173
1.7876766422000767
1.864445907159768
2.764041800020797
2.3280692834375962
1.971399092408608
1.7472216183096585
1.6734103648443408
1.6692974833060772
2.402925627809381
2.260916990490013
1.8261592285214692
1.6907154952583208
1.6112437935592736
1.5949661436187192
1.678510513478335
2.559438164851792
2.1428944337334808
1.7923494916108325
1.5850411407794793
1.5070239205878424
1.5211356579427266
1.6007831455273216
1.6973067804299358
1.897902479742895
2.5586073780458287
1.8082159093495531
1.5340479741853592
1.4237532313487655
1.4057141642052484
1.495299265245209
2.333505878873522
2.0066743501381623
1.6081113748895757
1.4282471137458568
1.3671911948238575
1.3918195023178057
1.491950085900288
1.6035422777399047
1.6923850814612131
2.3181844255718347
1.933613719382326
1.5688309171405674
1.3815817321575452
1.3080470083815805
1.3386795095746564
1.4190727927226543
1.6147262226572277
1.7229536851468525
1.644660459587501
1.5540986306820075
1.5046490938882642
2.2001908898021516
1.7941132126412351
1.4462783227059834
1.295377598167462
1.2514411171166677
1.2800022566218894
1.380728234819715
1.4933698091002228
1.5538406910006382
1.6241824862684713
1.640556856118205
2.4071627021832054
1.7089740350053835
