20.583515655994415
10.018784859776497
7.630561664700508
6.5038477927446365
5.845926117897034
5.266006058454513
4.855023527145386
4.436883284896612
4.105146383494139
3.8014376498758793
3.6234725289046765
3.417629215121269
3.2888271056115626
3.1326664477586745
3.023332426697016
2.9553380772471427
2.806782506406307
2.7373476549983025
2.770782554894686
2.8530894562602045
2.7998768135905268
2.6643200144171715
2.48852202296257
2.398195131123066
2.6060402117669583
2.448211108148098
2.2932776834815742
2.2472514055669306
2.2314771089702843
2.236848622560501
2.284678054600954
2.904140555858612
2.4554164081811907
2.1615635193884373
1.99349102973938
1.945148353651166
1.9336349010467528
1.9640248849987985
1.9888216000050307
2.060563475638628
2.074730336293578
2.384902911633253
2.5199162881821393
2.1037608716636895
1.8720429725944996
1.766979318857193
1.7421183168888092
1.7883482281118632
1.8398970674723387
1.864686242491007
1.8926194623112678
1.9039385762065648
2.2945514135062695
2.490152332931757
1.9982356410473585
1.7496719773858787
1.644569383561611
1.6159342501312495
1.639468225836754
1.688655972480774
2.093915390595794
2.4321790892630815
1.863037645071745
1.6626777950674296
1.5843336720019578
1.571156746521592
1.6030775301158429
1.6580379959195852
1.7173144720494746
1.7601135734468698
1.7527407214045525
1.735252584889531
1.7607573185116052
1.7155144199728967
1.6793824441730976
1.673830807209015
1.6674929670989513
1.651391226798296
1.6680322140455246
1.6711961656808854
1.6865241795778274
1.6503437109291554
1.6328453704714776
1.635420686379075
1.6130523156374692
1.6174954537302255
1.622506258264184
1.6352907564491033
1.6229334607720376
1.5952782526612281
1.5778044655919075
1.5997047986835242
2.4200710989534855
1.8920711360871791
1.5725380398333073
1.4272205755114555
1.3582374282181262
1.3467195827513934
1.3771278619766236
1.4230105381458997
