16.898946831797996
7.676693629103097
6.350199618534735
5.645419447045577
5.11978202465682
4.7216721619778905
4.254172608866329
3.9538851781198154
3.601343028029503
3.3244928909324067
3.1787027517954507
3.2094496209719026
2.9808617021605284
2.7589269165407146
2.6763446261311135
2.6450297002903898
2.6351242581306145
2.8120603038553607
2.6510209695637577
2.49918334247076
2.438274914758247
2.256555807869337
2.1386326687377797
2.0868279536565146
2.093562939362219
2.1318342846039444
2.7271162954687376
2.7309026230148405
2.208998476552684
1.9570852399569505
1.8457055743674786
1.808495509345629
1.8388423435172143
1.8706960071597183
1.9561526203713222
1.976187869122154
2.790180593554737
2.2398041277601006
1.865373584959242
1.68942351857124
1.6356347963126778
1.6383785183666741
1.6989459165355616
1.7955553740785832
1.8388320524790134
1.8539463734766195
1.8326123112823531
1.7996322171032777
1.7754225870322067
1.751505356085928
1.7517453986301756
1.7383483181222839
2.7368915087995473
2.046189013977497
1.6985023356320565
1.496272925744977
1.422078948271902
1.4078941714693929
1.4457511260495548
1.5335848669559635
1.6290614594492996
1.6690443109350594
1.6946560433733533
1.6715945922143278
1.664416367896119
1.6249075615615176
1.6071499708103159
1.5990989887923526
2.411270386294315
2.0276898177046525
1.6253234649959363
1.4167687572233858
1.322129037645128
1.2899297134220948
1.343879887235095
1.3986751757867155
1.4821294323045608
1.5783413725289686
1.6069274865395842
1.5957835989388807
1.5573300938857229
1.5236417250326502
1.4931657164417513
1.5383187525453623
1.986099380498741
2.1732429973563256
1.6298755912752876
1.3759025952272248
1.2656531738258943
1.2344832950168185
1.224301422897138
1.28496729909328
1.3794067491564834
1.4726079869688602
1.5484427053328844
1.5524662698221485
1.5089151998709518
2.0701066541392903
1.9776670416893318
1.5497586193837618
