17.156814141454223
8.139759088744228
6.593453322485654
5.583312801995013
4.85433818578025
4.3008042883247395
3.948107904317428
3.649050713280547
3.4582335281650107
3.3468721079756847
2.9824345772189926
2.760100368855646
2.779783782736553
3.093374606819264
3.045023161885342
2.734733469632207
2.4350856740690183
2.3044964749333463
2.2973365783691406
2.447106449666593
3.347910222089673
2.5981703242477105
2.234169048401079
2.0613545940499263
1.9953521229435334
1.9936819069587106
2.048148567057907
2.0906218439775026
2.682257897652273
3.0920408189122948
2.4188577621393232
1.9930693449848942
1.8159260311905219
1.7635974393989184
1.7900739505061602
1.8977424031443915
1.904755573926097
1.918765766975136
1.9355651870065806
2.673475222754409
2.2939667993662307
1.8850002049009584
1.695005301483866
1.6008484686776432
1.6028677694303997
1.6744092494336231
1.762726525871121
1.8199309416484555
1.8423335823303757
1.9996076930021058
2.544915140196464
2.0711952399234383
1.7669684271770734
1.5627593194778042
1.475895081595151
1.4761255211454787
1.5595839221692989
1.636732912967226
1.7160962715788415
1.7517953628006204
2.352710777399491
2.015890580224574
1.6504881242968945
1.4795002252645464
1.4050732892734317
1.4342026182235852
1.4984808287884681
1.6201050976622557
1.6409726782373366
1.6770121783626324
1.666078558816159
1.6381553793787609
1.5823101535135387
1.5496808929971633
1.5547975744867464
1.585751736129338
1.5962463380991543
2.31263120494153
2.128108624814203
1.624827988988804
1.4071304766846815
1.2953487141139306
1.2669154980787383
1.2724480013805646
1.33794647437838
1.4801882588828619
1.603006159251355
1.5934911728252823
1.543785709333837
1.5759807338519973
1.654909651411518
1.6242741662628797
1.5313747996143976
1.4209110733371435
1.3878836760368014
1.4904368031476747
1.5590720871794677
2.311614271503148
1.8149830318400881
1.4709988279870925
