19.40190040588379
8.269244151115418
6.793128320376078
6.029385631879171
5.510352541605632
5.034851335684459
4.673780721823374
4.293103071053823
4.00368391195933
3.7519716652234396
3.5042119805018106
3.3207573024431865
3.066173965930939
2.9350261267026267
2.9259215863545736
2.7995065768559773
2.758497714201609
2.7005942432085672
2.8209754633903503
2.47926376581192
2.325101137161255
2.2032446169853213
2.1566585302352905
2.1555639882882436
3.038845594724019
2.7567712831497193
2.3373067982991538
2.1466520317395528
1.9701598330338796
1.9573603908220927
1.9312389532725016
2.3006943599383036
2.7387240147590637
2.2260019413630165
1.937221236626307
1.7642145717144013
1.7063733526070912
1.725529234011968
1.781676749785741
1.8396185330549877
2.142173683643341
2.9070978633562725
2.2870345334211986
1.8873699180285135
1.6752926015853882
1.5553533124923706
1.526004542907079
1.5549678587913514
1.6154915781815846
1.6911188133557638
1.7434647822380065
1.8666267398993175
2.7654472104708354
2.0640833497047426
1.6924928295612336
1.51226997534434
1.4313351535797119
1.417137180964152
1.4561950039863587
1.5577966892719268
1.624476094643275
1.6748330783843994
1.69906298716863
1.6963875567913056
1.6688496613502501
1.6514719327290852
1.6712273649374645
1.8458503357569376
2.622253672281901
1.8158174804846445
1.477044451236725
1.3311282471815744
1.2560612722237905
1.2396783788998922
1.284630712668101
1.3702802952130635
1.5107006335258484
1.63729163368543
1.6134078224500021
1.5585870154698689
2.3926305425167085
1.813491710027059
1.4537542482217154
1.2725937815507253
1.188070498108864
1.1852473825216294
1.2456442598501842
1.3589502660433452
1.4766775246461232
1.5314478115240733
1.5285740486780803
1.5057211164633433
1.4804162323474883
1.5003927822907765
1.5039417600631715
1.6575462901592255
2.4324903591473896
1.8278880794843038
1.5014284551143646
1.2679482758045197
