17.810174674987792
7.557365066210429
6.56397407690684
6.020140892664592
5.667551778157552
5.283322373231252
4.966175491809845
4.599531768957774
4.3440802073478695
4.134136757850647
3.9819729200998943
3.6928456664085387
3.5349657146135964
3.3038488364219667
3.25531631787618
3.12952476978302
3.189910365740458
2.982729340394338
2.8238597170511883
2.649333939552307
2.69451065937678
2.8617417152722675
2.8325592199961345
2.6588946755727134
2.5116886456807452
2.5182232817014056
2.6834610708554587
2.6982787235577903
2.3811867459615073
2.219968243042628
2.1375853204727173
2.09072066227595
2.3367895479997
2.952582757472992
2.6728312532107035
2.4209018635749815
2.149040158589681
1.9672232596079509
1.899719386100769
1.8860766426722209
1.9063884953657786
1.9963162489732107
2.8532761220137277
2.546177241007487
2.103935583035151
2.0373281089464825
1.8737103275458018
1.7931825625896454
1.7722266590595246
1.829873154560725
1.8909186736742656
1.9418586444854737
2.5239829727013907
2.502153152624766
2.029513564109802
1.7894729566574097
1.670345775683721
1.6310559169451395
1.661756122112274
1.72280433734258
1.8122047770023346
1.9167463878790538
2.773848535219828
2.1417579336961112
1.7895627081394196
1.6283525494734445
1.5544901247819265
1.537566754023234
1.5990584552288056
1.7076491995652516
1.7917724299430846
2.5286253186066947
2.2661546472708385
1.8342343612511953
1.6165227822462718
1.5157424739996592
1.485175036986669
1.5235612758000692
1.594576888481776
1.689364165465037
1.7507837263743082
1.8442012202739715
2.563424251874288
1.9530899262428283
1.6573642746607462
1.5139695139726004
1.44909166097641
1.4377553955713909
1.4794696080684662
1.5721767342090607
1.6768270250161488
2.19250173052152
2.1711361034711203
1.727029345035553
1.5312493026256562
1.4338537120819093
1.4130832827091218
1.4460279905796052
1.518291453520457
1.5902580364545187
