18.215483248233795
8.139737635850906
6.625906753540039
5.884730310738087
5.387309068441391
4.9388499960303305
4.465902941673994
4.178728053718805
3.8294176019728186
3.6097231656312943
3.339835874736309
3.155768796801567
2.957971928268671
2.9375929079949854
2.99821063503623
2.9022655583918096
2.759965393692255
2.571283075213432
2.4290668584406374
2.350946329534054
2.3042006101459265
2.2752999417483806
2.282189594581723
3.067686587572098
2.955563735216856
2.379910545051098
2.0874449618160726
1.943859865516424
1.8964784175157547
1.9342221159487962
2.004270163178444
2.3610861137509347
2.860778619349003
2.3016143929213286
1.950830851495266
1.786184273660183
1.7319039467722177
1.7462150353938342
1.816316721588373
1.8740456562489272
1.9215050496160984
1.9323725435882806
2.468805704265833
2.429765220731497
1.927713979035616
1.6943787451833487
1.5860211938619613
1.5542134910821914
1.6089414466172456
1.6877442456781864
1.7503801628947258
1.8108963403850793
1.8121333457529545
1.7806007355451583
1.7538884561508894
1.760949779674411
2.0902267415076494
2.5530867323279383
1.8486121214926243
1.5637018166482448
1.4273464679718018
1.3809317134320735
1.3939235743135214
1.4631222393363714
1.5533648129552602
1.659931020438671
1.7278120003640651
1.681342024728656
1.6480982966721058
1.6117004189640283
1.604233657568693
1.6046245083212853
1.605147160589695
1.6186109393835069
1.586450185254216
1.589227095246315
1.6438132964074612
2.602452603727579
1.8140016246587038
1.4790477320551871
1.3210829254239798
1.261989177390933
1.2502881743013858
1.2844887129962443
1.3782121177762747
1.4590820096433164
1.5436966974288224
1.5860319186002017
1.5613735597580671
1.4968425922095776
1.4930268041789532
1.5149217873811722
1.5110914055258036
1.553880214318633
1.543371956795454
1.5102346245199443
1.8252209853380919
2.2065760128200056
1.6650401059538127
1.390189902856946
