99.99888610839844
99.98716735839844
99.97144317626953
99.96955108642578
99.97886657714844
99.94145965576172
99.93605041503906
99.95504760742188
99.9603042602539
99.92884826660156
99.93053436279297
99.91338348388672
99.9146728515625
99.93938446044922
99.92925262451172
99.92894744873047
99.91008758544922
99.94248962402344
99.9371566772461
99.91202545166016
99.93009948730469
99.91820526123047
99.91671752929688
99.91987609863281
99.91705322265625
99.93709564208984
99.93859100341797
99.9259262084961
99.92689514160156
99.92630004882812
99.92507934570312
99.935791015625
99.93423461914062
99.93994903564453
99.92462921142578
99.93041229248047
99.93033599853516
99.92913818359375
99.94222259521484
99.94489288330078
99.93827056884766
99.9468994140625
99.9468765258789
99.94593048095703
99.92852020263672
99.93351745605469
99.94184875488281
99.94560241699219
99.95189666748047
99.95502471923828
99.95777893066406
99.96284484863281
99.95657348632812
99.9398193359375
99.94363403320312
99.95172882080078
99.95450592041016
99.94751739501953
99.9620590209961
99.96047973632812
99.96485900878906
99.95075225830078
99.95172882080078
99.95728302001953
99.95942687988281
99.9639892578125
99.96868133544922
99.96894836425781
99.97175598144531
99.96647644042969
99.94703674316406
99.95115661621094
99.965576171875
99.9684829711914
99.97063446044922
99.97553253173828
99.97555541992188
99.96723175048828
99.97607421875
99.94662475585938
99.9576187133789
99.96408081054688
99.968994140625
99.97328186035156
99.97442626953125
99.97653198242188
99.9771499633789
99.96820831298828
99.97602081298828
99.97457885742188
99.95453643798828
99.95680236816406
99.9726791381836
99.97370147705078
99.97809600830078
99.98068237304688
99.96897888183594
99.98274993896484
99.9788818359375
99.97117614746094
