99.97869873046875
99.98139953613281
99.93850708007812
99.97101593017578
99.96770477294922
99.9476547241211
99.92729187011719
99.95482635498047
99.95794677734375
99.95246124267578
99.93800354003906
99.92341613769531
99.92179107666016
99.9236831665039
99.90290069580078
99.89649200439453
99.92935180664062
99.92353057861328
99.93082427978516
99.92952728271484
99.91878509521484
99.92408752441406
99.93312072753906
99.93546295166016
99.91584777832031
99.9259262084961
99.924072265625
99.94377899169922
99.91319274902344
99.91333770751953
99.92221069335938
99.93704223632812
99.93936157226562
99.94029998779297
99.94241333007812
99.94452667236328
99.935546875
99.93718719482422
99.93201446533203
99.95140075683594
99.9522933959961
99.94127655029297
99.9483871459961
99.93795776367188
99.94047546386719
99.9449234008789
99.9537124633789
99.95924377441406
99.94864654541016
99.95336151123047
99.9509506225586
99.95556640625
99.94474792480469
99.94075012207031
99.95271301269531
99.96114349365234
99.96168518066406
99.96244049072266
99.9664077758789
99.9615478515625
99.93915557861328
99.94678497314453
99.96208953857422
99.96015167236328
99.96475219726562
99.96613311767578
99.96953582763672
99.97344207763672
99.96551513671875
99.94119262695312
99.95834350585938
99.96983337402344
99.97232818603516
99.9727554321289
99.97480773925781
99.95603942871094
99.96745300292969
99.97010803222656
99.9759292602539
99.97698974609375
99.9771499633789
99.94475555419922
99.9682388305664
99.966552734375
99.96513366699219
99.97720336914062
99.97900390625
99.9710922241211
99.97634887695312
99.97284698486328
99.97769927978516
99.97317504882812
99.97821807861328
99.92254638671875
99.95747375488281
99.96826934814453
99.97602844238281
99.97453308105469
99.98307037353516
99.97892761230469
