99.9947738647461
99.98611450195312
99.97398376464844
99.95319366455078
99.95783233642578
99.95191955566406
99.96358489990234
99.93870544433594
99.93506622314453
99.9114990234375
99.92339324951172
99.92862701416016
99.94456481933594
99.92185974121094
99.90782928466797
99.92608642578125
99.9288101196289
99.94084930419922
99.9333267211914
99.9261474609375
99.90914916992188
99.91619873046875
99.9146957397461
99.9354248046875
99.9108657836914
99.93799591064453
99.94293975830078
99.9189453125
99.92591094970703
99.93526458740234
99.93333435058594
99.94197845458984
99.93379211425781
99.92343139648438
99.94174194335938
99.92642974853516
99.9317855834961
99.93749237060547
99.93114471435547
99.94064331054688
99.9489974975586
99.93912506103516
99.9476547241211
99.92980194091797
99.92288208007812
99.94514465332031
99.93902587890625
99.94684600830078
99.94680786132812
99.95079803466797
99.9474105834961
99.94644927978516
99.95226287841797
99.95682525634766
99.9504623413086
99.95376586914062
99.959716796875
99.94287872314453
99.94881439208984
99.95287322998047
99.9576187133789
99.96057891845703
99.96065521240234
99.96289825439453
99.95840454101562
99.96161651611328
99.9583969116211
99.94957733154297
99.9497299194336
99.95894622802734
99.95722961425781
99.96377563476562
99.9664077758789
99.96770477294922
99.9630126953125
99.9642105102539
99.9637451171875
99.95848846435547
99.96566772460938
99.96235656738281
99.96952819824219
99.96746063232422
99.9683837890625
99.96668243408203
99.96719360351562
99.97054290771484
99.9521484375
99.95181274414062
99.96508026123047
99.96673583984375
99.96882629394531
99.97107696533203
99.9752197265625
99.97285461425781
99.97303009033203
99.96778106689453
99.9729232788086
99.97418975830078
99.96354675292969
99.97208404541016
