99.98117065429688
99.9716796875
99.9686050415039
99.95633697509766
99.94530487060547
99.94471740722656
99.95577239990234
99.95642852783203
99.97494506835938
99.93605041503906
99.95214080810547
99.9033432006836
99.93165588378906
99.93290710449219
99.91751098632812
99.89347076416016
99.90548706054688
99.90719604492188
99.92228698730469
99.91968536376953
99.90914916992188
99.91584777832031
99.91494750976562
99.91389465332031
99.92227935791016
99.90557098388672
99.91941833496094
99.91693115234375
99.92160034179688
99.92725372314453
99.91988372802734
99.93045806884766
99.92759704589844
99.93043518066406
99.92061614990234
99.92152404785156
99.91744995117188
99.93675994873047
99.93505859375
99.90447998046875
99.93409729003906
99.93565368652344
99.94226837158203
99.93960571289062
99.95082092285156
99.95165252685547
99.93754577636719
99.8819808959961
99.93145751953125
99.9377670288086
99.9430923461914
99.95287322998047
99.95624542236328
99.9557113647461
99.95068359375
99.95337677001953
99.96292877197266
99.92835235595703
99.93790435791016
99.95281982421875
99.95707702636719
99.96121215820312
99.96047973632812
99.96187591552734
99.96724700927734
99.96830749511719
99.96469116210938
99.94374084472656
99.91938018798828
99.94216918945312
99.96189880371094
99.9626235961914
99.96873474121094
99.96987915039062
99.9703369140625
99.97479248046875
99.97171020507812
99.962646484375
99.97100830078125
99.96963500976562
99.95957946777344
99.9444580078125
99.95039367675781
99.96122741699219
99.9700927734375
99.97509765625
99.97624206542969
99.9721908569336
99.97093200683594
99.97516632080078
99.978271484375
99.97454833984375
99.96837615966797
99.97403717041016
99.95217895507812
99.9671859741211
99.97123718261719
99.97908782958984
99.9815444946289
99.98004150390625
