99.99544525146484
99.9642333984375
99.96930694580078
99.9444351196289
99.97050476074219
99.97296905517578
99.94628143310547
99.94148254394531
99.93489074707031
99.94230651855469
99.91876983642578
99.93020629882812
99.94050598144531
99.91883850097656
99.91986846923828
99.92034912109375
99.93045043945312
99.91649627685547
99.91793060302734
99.9249038696289
99.91911315917969
99.91761016845703
99.91678619384766
99.91465759277344
99.91974639892578
99.93238830566406
99.90995788574219
99.9200668334961
99.92378997802734
99.9240493774414
99.91810607910156
99.93045043945312
99.93338775634766
99.93455505371094
99.93348693847656
99.93851470947266
99.93795776367188
99.9191665649414
99.92657470703125
99.9368667602539
99.93802642822266
99.94744110107422
99.93866729736328
99.94599151611328
99.94686889648438
99.93020629882812
99.9444808959961
99.93510437011719
99.95096588134766
99.95441436767578
99.95777893066406
99.9435806274414
99.95858764648438
99.94924926757812
99.95307159423828
99.94977569580078
99.96114349365234
99.96166229248047
99.96270751953125
99.95603942871094
99.95755004882812
99.9605941772461
99.93241882324219
99.95101165771484
99.95718383789062
99.9623794555664
99.962646484375
99.96827697753906
99.96783447265625
99.96243286132812
99.95170593261719
99.95913696289062
99.96172332763672
99.96525573730469
99.97233581542969
99.9731216430664
99.96705627441406
99.97207641601562
99.95122528076172
99.96504211425781
99.9639663696289
99.96977233886719
99.9767837524414
99.97298431396484
99.96932220458984
99.97099304199219
99.96524047851562
99.9576187133789
99.9637680053711
99.97647857666016
99.97513580322266
99.9790267944336
99.97693634033203
99.9781723022461
99.97549438476562
99.97893524169922
99.96403503417969
99.968017578125
99.96833038330078
99.96515655517578
