99.98745727539062
99.98963165283203
99.9752197265625
99.96116638183594
99.96061706542969
99.96243286132812
99.95707702636719
99.95220184326172
99.9301528930664
99.92909240722656
99.9337158203125
99.92912292480469
99.92230987548828
99.9169921875
99.9371566772461
99.91642761230469
99.92594146728516
99.92279052734375
99.90290069580078
99.90997314453125
99.92489624023438
99.9277114868164
99.925048828125
99.93010711669922
99.91304016113281
99.92694854736328
99.91978454589844
99.92280578613281
99.9320068359375
99.93377685546875
99.9247817993164
99.9261703491211
99.92478942871094
99.93135070800781
99.93001556396484
99.93153381347656
99.93521881103516
99.95804595947266
99.9373779296875
99.93229675292969
99.93968200683594
99.93974304199219
99.94313049316406
99.94554138183594
99.94268035888672
99.94947052001953
99.94596099853516
99.94470977783203
99.9587173461914
99.94976806640625
99.95172882080078
99.95413208007812
99.94500732421875
99.94803619384766
99.95184326171875
99.94963073730469
99.94944763183594
99.95635986328125
99.95922088623047
99.95750427246094
99.9526138305664
99.95701599121094
99.96060180664062
99.96590423583984
99.95791625976562
99.96235656738281
99.96021270751953
99.95429229736328
99.96822357177734
99.95761108398438
99.95137786865234
99.95504760742188
99.96052551269531
99.96322631835938
99.96613311767578
99.969970703125
99.96722412109375
99.96916961669922
99.96810150146484
99.96917724609375
99.96621704101562
99.96768188476562
99.97374725341797
99.96688842773438
99.9706039428711
99.97244262695312
99.96959686279297
99.97157287597656
99.9708480834961
99.96926879882812
99.95685577392578
99.96278381347656
99.96874237060547
99.97332000732422
99.97437286376953
99.9768295288086
99.9757080078125
99.97806549072266
99.97827911376953
99.97728729248047
