99.99514770507812
99.97645568847656
99.9874496459961
99.96862030029297
99.94216918945312
99.96329498291016
99.94369506835938
99.96951293945312
99.93609619140625
99.92833709716797
99.90007019042969
99.93669128417969
99.90984344482422
99.90187072753906
99.90660095214844
99.93008422851562
99.9268798828125
99.90685272216797
99.91618347167969
99.9169921875
99.92364501953125
99.898681640625
99.91835021972656
99.92053985595703
99.93348693847656
99.9185791015625
99.90778350830078
99.92385864257812
99.90634155273438
99.91702270507812
99.94603729248047
99.93382263183594
99.92345428466797
99.92918395996094
99.9317855834961
99.93600463867188
99.93280792236328
99.93213653564453
99.9345474243164
99.92212677001953
99.93635559082031
99.9464111328125
99.94684600830078
99.95050811767578
99.95098876953125
99.94512176513672
99.9416732788086
99.93772888183594
99.94969940185547
99.95455932617188
99.95524597167969
99.962646484375
99.95497131347656
99.93431854248047
99.9364013671875
99.94938659667969
99.95184326171875
99.95805358886719
99.95518493652344
99.95637512207031
99.96083068847656
99.96247100830078
99.95819091796875
99.96803283691406
99.96876525878906
99.96173095703125
99.95149230957031
99.95516967773438
99.95366668701172
99.96333312988281
99.97093963623047
99.97032928466797
99.96766662597656
99.97367858886719
99.9722671508789
99.95397186279297
99.96707153320312
99.96536254882812
99.9713363647461
99.9740219116211
99.97383880615234
99.97047424316406
99.97917175292969
99.97914123535156
99.97425079345703
99.95198822021484
99.96968078613281
99.9736557006836
99.97998046875
99.9804916381836
99.98025512695312
99.98091125488281
99.9778060913086
99.94947052001953
99.96468353271484
99.97074127197266
99.97682189941406
99.97914123535156
99.98052978515625
99.98330688476562
