99.99602508544922
99.97132110595703
99.96712493896484
99.93756103515625
99.96434783935547
99.95398712158203
99.96005249023438
99.95722961425781
99.95950317382812
99.94157409667969
99.9203872680664
99.92851257324219
99.91522216796875
99.93535614013672
99.9119644165039
99.9104232788086
99.93516540527344
99.89891052246094
99.9236831665039
99.9173355102539
99.90180969238281
99.92822265625
99.9201889038086
99.91039276123047
99.91938781738281
99.92414855957031
99.93391418457031
99.91846466064453
99.93342590332031
99.9329833984375
99.89202880859375
99.9317398071289
99.9298324584961
99.92320251464844
99.93489074707031
99.93961334228516
99.93621826171875
99.93571472167969
99.93778991699219
99.93728637695312
99.9371337890625
99.93641662597656
99.93331146240234
99.93492126464844
99.94292449951172
99.9425277709961
99.94522857666016
99.94828796386719
99.9410171508789
99.9401626586914
99.94107818603516
99.94407653808594
99.95321655273438
99.95556640625
99.95729064941406
99.95555877685547
99.95741271972656
99.9489517211914
99.95723724365234
99.95133972167969
99.95096588134766
99.95375061035156
99.95257568359375
99.95995330810547
99.96142578125
99.95169067382812
99.96339416503906
99.96690368652344
99.95743560791016
99.95375061035156
99.95344543457031
99.95507049560547
99.95982360839844
99.9648666381836
99.96734619140625
99.95855712890625
99.9595718383789
99.96741485595703
99.9578628540039
99.95891571044922
99.96379852294922
99.96381378173828
99.96829223632812
99.97129821777344
99.96395874023438
99.97074890136719
99.94922637939453
99.95600891113281
99.96481323242188
99.97026062011719
99.96934509277344
99.97205352783203
99.97685241699219
99.97282409667969
99.971435546875
99.97101593017578
99.96824645996094
99.9737548828125
99.96346282958984
99.96975708007812
