99.99254608154297
99.983154296875
99.95801544189453
99.9814682006836
99.95915985107422
99.93749237060547
99.95468139648438
99.93399810791016
99.90843200683594
99.91332244873047
99.9024658203125
99.92688751220703
99.91482543945312
99.90631103515625
99.91609191894531
99.92512512207031
99.90570831298828
99.91143035888672
99.9111328125
99.8849868774414
99.92082977294922
99.9090805053711
99.91559600830078
99.91828155517578
99.9157485961914
99.92577362060547
99.90728759765625
99.9145278930664
99.9275894165039
99.93360900878906
99.92355346679688
99.92930603027344
99.92023468017578
99.92170715332031
99.92949676513672
99.93724060058594
99.93547058105469
99.92839050292969
99.94046783447266
99.95033264160156
99.94108581542969
99.94208526611328
99.92095184326172
99.94115447998047
99.93655395507812
99.94174194335938
99.94329833984375
99.95232391357422
99.95332336425781
99.95343780517578
99.95790100097656
99.91320037841797
99.94188690185547
99.9478759765625
99.94512939453125
99.95952606201172
99.9566650390625
99.96194458007812
99.96208190917969
99.96092987060547
99.95421600341797
99.93409729003906
99.94893646240234
99.94249725341797
99.9605484008789
99.9648666381836
99.96863555908203
99.9706039428711
99.96936798095703
99.96830749511719
99.96983337402344
99.95744323730469
99.93526458740234
99.96405029296875
99.96672058105469
99.97048950195312
99.9736099243164
99.97342681884766
99.9705810546875
99.97549438476562
99.97408294677734
99.96924591064453
99.97111511230469
99.9432601928711
99.96170043945312
99.96746826171875
99.97447967529297
99.97126007080078
99.97557067871094
99.98007202148438
99.97799682617188
99.97771453857422
99.9784927368164
99.97502136230469
99.91759490966797
99.95648956298828
99.97062683105469
99.9736328125
99.97844696044922
99.98268127441406
