99.99958038330078
99.97453308105469
99.95968627929688
99.96744537353516
99.97311401367188
99.95748138427734
99.93816375732422
99.94770812988281
99.95856475830078
99.90972137451172
99.94766235351562
99.93665313720703
99.9133071899414
99.93173217773438
99.92195892333984
99.92931365966797
99.90328979492188
99.9218978881836
99.92948913574219
99.9032974243164
99.9148941040039
99.91425323486328
99.91902160644531
99.90734100341797
99.9135971069336
99.92042541503906
99.92259979248047
99.92156982421875
99.92252349853516
99.93666076660156
99.91950225830078
99.92354583740234
99.92533111572266
99.93170166015625
99.93289947509766
99.93515014648438
99.93409729003906
99.94232940673828
99.9428939819336
99.92662048339844
99.9329605102539
99.9434585571289
99.9444808959961
99.9511489868164
99.94584655761719
99.93070983886719
99.94043731689453
99.949462890625
99.95326232910156
99.95384979248047
99.95397186279297
99.95585632324219
99.95753479003906
99.9386215209961
99.94371795654297
99.9412612915039
99.951416015625
99.95681762695312
99.95661926269531
99.96473693847656
99.96167755126953
99.9406967163086
99.95181274414062
99.95930480957031
99.96382904052734
99.96698760986328
99.96574401855469
99.97189331054688
99.96039581298828
99.95381927490234
99.95587158203125
99.96467590332031
99.96903228759766
99.9731216430664
99.9764175415039
99.97309112548828
99.9630126953125
99.95126342773438
99.96170043945312
99.96305847167969
99.9621810913086
99.97360229492188
99.97618103027344
99.9740219116211
99.9764175415039
99.97905731201172
99.9752197265625
99.97315216064453
99.97480773925781
99.95526123046875
99.96360778808594
99.97050476074219
99.97652435302734
99.97514343261719
99.97828674316406
99.98194885253906
99.97896575927734
99.9796371459961
99.97737884521484
99.94692993164062
