99.99800872802734
99.99044036865234
99.98756408691406
99.99285888671875
99.99079132080078
99.9910888671875
99.97699737548828
99.9651107788086
99.97867584228516
99.9730453491211
99.96688079833984
99.96488189697266
99.97346496582031
99.959716796875
99.95624542236328
99.96603393554688
99.956787109375
99.96888732910156
99.95808410644531
99.9561996459961
99.95565795898438
99.97328186035156
99.95110321044922
99.96080017089844
99.95093536376953
99.96150970458984
99.95662689208984
99.95555877685547
99.9493637084961
99.95254516601562
99.95500183105469
99.95852661132812
99.9516372680664
99.96575927734375
99.9501724243164
99.96150970458984
99.95556640625
99.9578628540039
99.96028137207031
99.96018981933594
99.96537017822266
99.9659194946289
99.95951843261719
99.95864868164062
99.9598159790039
99.95487213134766
99.9625244140625
99.96241760253906
99.96707153320312
99.96525573730469
99.96479797363281
99.96512603759766
99.96356964111328
99.96919250488281
99.96615600585938
99.9645767211914
99.97039031982422
99.96839904785156
99.96993255615234
99.9691162109375
99.97309112548828
99.97078704833984
99.96875762939453
99.96836853027344
99.96798706054688
99.97298431396484
99.97014617919922
99.97437286376953
99.97277069091797
99.97344207763672
99.96945190429688
99.95679473876953
99.96673583984375
99.97306823730469
99.97259521484375
99.9740219116211
99.97282409667969
99.97761535644531
99.97537994384766
99.976806640625
99.97300720214844
99.96977233886719
99.97098541259766
99.9711685180664
99.97223663330078
99.97683715820312
99.97659301757812
99.97636413574219
99.9814682006836
99.98123931884766
99.97866821289062
99.9719467163086
99.97195434570312
99.97518920898438
99.97884368896484
99.9813232421875
99.98065185546875
99.98081970214844
99.98290252685547
99.9821548461914
