99.99268341064453
99.9726333618164
99.970703125
99.96914672851562
99.98446655273438
99.96820068359375
99.95489501953125
99.96430969238281
99.92582702636719
99.94879913330078
99.95056915283203
99.93260192871094
99.92093658447266
99.93132019042969
99.93647003173828
99.9160385131836
99.90480041503906
99.91523742675781
99.91415405273438
99.92933654785156
99.92919921875
99.91732788085938
99.92516326904297
99.9244155883789
99.91334533691406
99.927734375
99.91783142089844
99.93559265136719
99.92295837402344
99.92694854736328
99.9383316040039
99.91928100585938
99.931396484375
99.93148803710938
99.92860412597656
99.93617248535156
99.9354476928711
99.94146728515625
99.93875122070312
99.9459457397461
99.94557189941406
99.92776489257812
99.94621276855469
99.9378890991211
99.94609832763672
99.95072174072266
99.95368194580078
99.95237731933594
99.95285034179688
99.95611572265625
99.94075775146484
99.94819641113281
99.9510269165039
99.9515609741211
99.95238494873047
99.95418548583984
99.9609146118164
99.96430206298828
99.94164276123047
99.94660949707031
99.9483642578125
99.9494400024414
99.96075439453125
99.9659423828125
99.96598815917969
99.96842956542969
99.96148681640625
99.96246337890625
99.94813537597656
99.95161437988281
99.96426391601562
99.96178436279297
99.96930694580078
99.96753692626953
99.97269439697266
99.9423599243164
99.9522933959961
99.95825958251953
99.97158813476562
99.96871948242188
99.97265625
99.9767074584961
99.97220611572266
99.9615707397461
99.9435043334961
99.96256256103516
99.96713256835938
99.9721450805664
99.97628021240234
99.97692108154297
99.96996307373047
99.9667739868164
99.9770736694336
99.9764633178711
99.9776611328125
99.94617462158203
99.94892120361328
99.97109985351562
99.9717025756836
99.97798156738281
