99.99530029296875
99.977783203125
99.9728775024414
99.9508285522461
99.96080017089844
99.95556640625
99.93573760986328
99.95030975341797
99.91924285888672
99.92911529541016
99.93932342529297
99.92314910888672
99.93819427490234
99.92233276367188
99.90742492675781
99.91756439208984
99.92385864257812
99.91429138183594
99.92445373535156
99.95811462402344
99.8996810913086
99.91769409179688
99.9132308959961
99.90816497802734
99.91207885742188
99.92183685302734
99.92327117919922
99.92572784423828
99.93032836914062
99.93421173095703
99.92819213867188
99.91424560546875
99.92449951171875
99.91773223876953
99.93326568603516
99.93756103515625
99.93592071533203
99.94683837890625
99.93991088867188
99.93132019042969
99.9377212524414
99.93577575683594
99.93820190429688
99.943115234375
99.94404602050781
99.94810485839844
99.95325469970703
99.94628143310547
99.9459228515625
99.95042419433594
99.94237518310547
99.94495391845703
99.9453353881836
99.95121765136719
99.9557876586914
99.95426940917969
99.95868682861328
99.9581298828125
99.9552993774414
99.94589233398438
99.94075775146484
99.94459533691406
99.95084381103516
99.95867919921875
99.95977020263672
99.96217346191406
99.95421600341797
99.9641342163086
99.96125030517578
99.9615249633789
99.95967102050781
99.96412658691406
99.96398162841797
99.95743560791016
99.96458435058594
99.96761322021484
99.9605712890625
99.95426177978516
99.95466613769531
99.95906066894531
99.96497344970703
99.96731567382812
99.97032165527344
99.97177124023438
99.97378540039062
99.97181701660156
99.9671401977539
99.96675109863281
99.970703125
99.97077941894531
99.96227264404297
99.96077728271484
99.96979522705078
99.97221374511719
99.97810363769531
99.97146606445312
99.9752197265625
99.95518493652344
99.96663665771484
99.96929931640625
