99.99971771240234
99.98914337158203
99.96688079833984
99.98200988769531
99.9480209350586
99.94903564453125
99.94124603271484
99.94925689697266
99.94085693359375
99.94194793701172
99.93518829345703
99.94214630126953
99.95919036865234
99.94970703125
99.93637084960938
99.91510009765625
99.94059753417969
99.91133117675781
99.93177032470703
99.92379760742188
99.93840789794922
99.92791748046875
99.92559814453125
99.92701721191406
99.92777252197266
99.92635345458984
99.93231964111328
99.92251586914062
99.93213653564453
99.9372329711914
99.93047332763672
99.92476654052734
99.90699768066406
99.93330383300781
99.9273452758789
99.93009948730469
99.93189239501953
99.92658233642578
99.9475326538086
99.92269897460938
99.92863464355469
99.93711853027344
99.9372329711914
99.9404525756836
99.94233703613281
99.9263916015625
99.93976593017578
99.94104766845703
99.94246673583984
99.947265625
99.94232940673828
99.95501708984375
99.93331146240234
99.94345092773438
99.93212890625
99.95629119873047
99.9487533569336
99.95648956298828
99.96080017089844
99.95529174804688
99.9435806274414
99.94525909423828
99.94849395751953
99.95088195800781
99.95494079589844
99.95635223388672
99.95948028564453
99.95442962646484
99.96058654785156
99.9226303100586
99.93783569335938
99.9453125
99.948974609375
99.96456146240234
99.96701049804688
99.95858001708984
99.96170043945312
99.96305847167969
99.94752502441406
99.94474792480469
99.94947052001953
99.95490264892578
99.9665756225586
99.96443176269531
99.95828247070312
99.961181640625
99.96194458007812
99.95378112792969
99.96519470214844
99.93617248535156
99.94818878173828
99.96023559570312
99.96513366699219
99.96588134765625
99.96456146240234
99.96597290039062
99.97264862060547
99.96986389160156
99.94219207763672
99.9483642578125
99.96312713623047
99.96573638916016
99.96800231933594
99.97240447998047
99.97100067138672
99.97551727294922
99.9620132446289
99.9563980102539
99.95269012451172
99.9423599243164
99.96641540527344
99.96813201904297
99.96562957763672
99.9730224609375
99.97332000732422
99.97423553466797
99.96827697753906
99.96851348876953
99.93025970458984
99.96159362792969
99.96798706054688
99.9701919555664
99.97213745117188
99.97071838378906
99.97270965576172
99.97132873535156
99.97154235839844
99.93733215332031
99.9516830444336
99.96855163574219
99.96941375732422
99.97309112548828
99.97692108154297
99.97532653808594
99.97686767578125
99.97431945800781
99.97698211669922
99.97364044189453
99.94231414794922
99.95936584472656
99.96966552734375
99.96987915039062
99.97264099121094
99.97451782226562
99.9789810180664
99.97006225585938
99.97604370117188
99.97789764404297
99.97478485107422
99.97095489501953
99.94670867919922
99.94610595703125
99.95806121826172
99.9664077758789
99.97596740722656
99.97728729248047
99.97869873046875
99.97882080078125
99.9775161743164
99.97771453857422
99.96846008300781
99.94731903076172
99.94446563720703
99.96363067626953
99.97235870361328
99.9719467163086
99.98088836669922
99.97933197021484
99.97853088378906
99.97850036621094
99.97986602783203
99.97514343261719
99.97655487060547
99.97372436523438
99.94818115234375
99.96454620361328
99.9705810546875
99.9737548828125
99.97562408447266
99.98075103759766
99.98014068603516
99.98179626464844
99.97881317138672
99.97014617919922
99.95472717285156
99.95711517333984
99.96499633789062
99.97492218017578
99.97549438476562
99.9782943725586
99.9781723022461
99.98359680175781
99.98148345947266
99.9813461303711
99.97713470458984
99.9746322631836
99.90397644042969
99.95745849609375
99.97068786621094
99.97445678710938
