99.98284912109375
99.96522521972656
99.951416015625
99.947509765625
99.94963073730469
99.93962860107422
99.922119140625
99.93360900878906
99.92352294921875
99.90015411376953
99.9220199584961
99.91551208496094
99.92216491699219
99.9067153930664
99.92643737792969
99.92476654052734
99.91741943359375
99.91827392578125
99.9306640625
99.8935546875
99.91669464111328
99.92750549316406
99.87663269042969
99.92863464355469
99.91764068603516
99.92113494873047
99.92445373535156
99.91302490234375
99.92201232910156
99.92332458496094
99.90518951416016
99.92732238769531
99.91954803466797
99.92935943603516
99.92835235595703
99.94186401367188
99.93173217773438
99.93315887451172
99.9272689819336
99.9342041015625
99.91957092285156
99.92127990722656
99.93257141113281
99.93484497070312
99.94413757324219
99.94283294677734
99.9384536743164
99.94244384765625
99.94744873046875
99.95330810546875
99.94747924804688
99.94035339355469
99.94194793701172
99.94688415527344
99.94654846191406
99.95429229736328
99.95366668701172
99.95356750488281
99.95502471923828
99.95650482177734
99.95608520507812
99.95635986328125
99.95588684082031
99.95769500732422
99.96136474609375
99.961669921875
99.91999816894531
99.93183898925781
99.95270538330078
99.95524597167969
99.9633560180664
99.96531677246094
99.96317291259766
99.96559143066406
99.95576477050781
99.9634017944336
99.96742248535156
99.95822143554688
99.96682739257812
99.96781158447266
99.96778869628906
99.95976257324219
99.9632339477539
99.96536254882812
99.96369171142578
99.92805480957031
99.96502685546875
99.96417236328125
99.96685028076172
99.9743423461914
99.9746322631836
99.97767639160156
99.97657775878906
99.97360229492188
99.93921661376953
99.95658111572266
99.9666519165039
99.9749984741211
99.9745101928711
99.97824096679688
99.9920883178711
99.96565246582031
99.97355651855469
99.96491241455078
99.97936248779297
99.97344970703125
99.9496841430664
99.96195220947266
99.95105743408203
99.93656158447266
99.93769836425781
99.92529296875
99.92072296142578
99.92931365966797
99.91789245605469
99.90486145019531
99.93537902832031
99.93235778808594
99.92436218261719
99.93022918701172
99.92705535888672
99.92955017089844
99.9224853515625
99.92886352539062
99.93292236328125
99.92259216308594
99.92601013183594
99.9287109375
99.93116760253906
99.93778228759766
99.93203735351562
99.94789123535156
99.93903350830078
99.93194580078125
99.9283218383789
99.93018341064453
99.93682861328125
99.94208526611328
99.94598388671875
99.94599914550781
99.9454574584961
99.94044494628906
99.93810272216797
99.93665313720703
99.93755340576172
99.94525146484375
99.95039367675781
99.9528579711914
99.94715118408203
99.95137786865234
99.94917297363281
99.95494842529297
99.95066833496094
99.96060943603516
99.935546875
99.94828033447266
99.95724487304688
99.95121002197266
99.95624542236328
99.95999145507812
99.95564270019531
99.96377563476562
99.96019744873047
99.95635986328125
99.96234893798828
99.95915985107422
99.94674682617188
99.9532470703125
99.95840454101562
99.9599609375
99.963134765625
99.96726989746094
99.9697265625
99.96524047851562
99.96538543701172
99.96624755859375
99.94903564453125
99.9573974609375
99.96522521972656
99.96717071533203
99.96855926513672
99.96871185302734
99.96870422363281
99.9735107421875
99.97355651855469
99.96678924560547
99.96782684326172
99.9693603515625
99.95516204833984
99.96143341064453
99.96356964111328
99.96778869628906
99.9734115600586
99.97181701660156
99.97601318359375
99.97870635986328
99.97520446777344
99.97461700439453
99.97361755371094
99.97772216796875
