99.99462127685547
99.97919464111328
99.96701049804688
99.93887329101562
99.965087890625
99.93860626220703
99.95501708984375
99.94458770751953
99.88214111328125
99.92928314208984
99.92121124267578
99.95186614990234
99.93036651611328
99.92870330810547
99.92667388916016
99.94277954101562
99.92744445800781
99.94508361816406
99.92314910888672
99.91109466552734
99.89906311035156
99.91311645507812
99.92622375488281
99.92729187011719
99.89555358886719
99.92229461669922
99.93937683105469
99.9189682006836
99.92918395996094
99.92039489746094
99.92542266845703
99.93663787841797
99.94071960449219
99.93192291259766
99.94271087646484
99.92467498779297
99.92803955078125
99.9297866821289
99.94673156738281
99.93299865722656
99.93904113769531
99.94795989990234
99.92425537109375
99.93205261230469
99.93096923828125
99.93682861328125
99.94774627685547
99.94650268554688
99.9433364868164
99.95137786865234
99.946044921875
99.94662475585938
99.94222259521484
99.94397735595703
99.94085693359375
99.9534683227539
99.95122528076172
99.9523696899414
99.95539093017578
99.94673156738281
99.94964599609375
99.95829772949219
99.96159362792969
99.96482849121094
99.96312713623047
99.96747589111328
99.96541595458984
99.96658325195312
99.9494400024414
99.95184326171875
99.9601821899414
99.96033477783203
99.96736907958984
99.97040557861328
99.9733657836914
99.96907043457031
99.96878051757812
99.9700927734375
99.94964599609375
99.95748138427734
99.96641540527344
99.96900177001953
99.97190856933594
99.97554016113281
99.97418212890625
99.97671508789062
99.95935821533203
99.97020721435547
99.94453430175781
99.9607925415039
99.97076416015625
99.971435546875
99.97533416748047
99.97807312011719
99.97578430175781
99.97297668457031
99.97696685791016
99.95134735107422
99.96349334716797
99.96851348876953
99.97603607177734
99.97557067871094
99.9798812866211
99.98213195800781
99.98165130615234
99.98297882080078
99.97732543945312
99.9769287109375
99.95695495605469
99.97207641601562
99.97721099853516
99.978515625
99.98162841796875
99.98297119140625
99.9819107055664
99.98411560058594
99.98298645019531
99.97581481933594
99.97708892822266
99.97499084472656
99.9666976928711
99.96461486816406
99.97020721435547
99.97956848144531
99.98261260986328
99.98434448242188
99.98413848876953
99.98448944091797
99.98255920410156
99.98165130615234
99.9859848022461
99.98210906982422
99.95519256591797
99.97293090820312
99.9775619506836
99.9836654663086
99.98516845703125
99.98701477050781
99.9865493774414
99.98384094238281
99.9874496459961
99.98331451416016
99.9743423461914
99.98283386230469
99.96664428710938
99.97653198242188
99.98015594482422
99.98339080810547
99.98709106445312
99.98450469970703
99.98749542236328
99.98600769042969
99.98583984375
99.98719024658203
99.98255920410156
99.9834213256836
99.98593139648438
99.98579406738281
99.9864273071289
99.9842758178711
99.98834991455078
99.98467254638672
99.94840240478516
99.9642105102539
99.9787368774414
99.98548889160156
99.98490142822266
99.98770904541016
99.98941802978516
99.9893569946289
99.98937225341797
99.98963165283203
99.99126434326172
99.99066925048828
99.9859390258789
99.98953247070312
99.98806762695312
99.97162628173828
99.97852325439453
99.98273468017578
99.9881591796875
99.98766326904297
99.9910659790039
99.9905776977539
99.99141693115234
99.98948669433594
99.991455078125
99.98916625976562
99.95024108886719
99.97618103027344
99.9846420288086
99.98941040039062
99.9902572631836
99.97914123535156
99.98851776123047
99.99156188964844
99.99085998535156
99.99156951904297
99.9869613647461
99.98624420166016
99.98992919921875
99.9906005859375
99.98916625976562
99.95431518554688
99.9733657836914
99.98636627197266
99.98961639404297
99.99015045166016
99.99067687988281
99.99325561523438
99.99085235595703
99.99056243896484
99.99091339111328
99.99118041992188
99.97193145751953
99.98126983642578
99.98761749267578
99.98973083496094
99.99103546142578
99.991943359375
99.99312591552734
99.99252319335938
99.98592376708984
99.99208068847656
99.98989868164062
99.99211120605469
99.98573303222656
99.96649932861328
99.97186279296875
99.98589324951172
99.9885482788086
99.99121856689453
99.99230194091797
99.994140625
99.9924087524414
99.99285888671875
99.99079132080078
99.9729232788086
99.98644256591797
99.99008178710938
99.99130249023438
99.99337768554688
99.99443817138672
99.98924255371094
99.9923324584961
99.99028015136719
99.9888687133789
99.9931640625
99.9905014038086
99.98883819580078
99.98881530761719
99.99032592773438
99.99132537841797
99.9655532836914
99.9828109741211
99.98955535888672
99.99170684814453
99.99315643310547
99.99414825439453
99.99462127685547
99.9939956665039
99.99053955078125
99.99309539794922
99.99502563476562
99.98849487304688
99.98667907714844
99.9668960571289
99.98033905029297
99.98808288574219
99.9916000366211
99.9935302734375
99.99478149414062
99.99500274658203
99.9948959350586
99.9941635131836
99.9869613647461
99.99347686767578
99.99187469482422
99.9925765991211
99.96383666992188
99.97920989990234
99.98886108398438
99.99220275878906
99.99345397949219
99.99468231201172
99.99536895751953
99.9935531616211
99.99352264404297
99.99295043945312
99.99353790283203
99.99148559570312
99.98925018310547
99.99032592773438
99.9891128540039
99.9643783569336
99.98306274414062
99.9881591796875
99.9813461303711
99.98009490966797
99.98881530761719
99.99151611328125
99.99445343017578
99.99293518066406
99.99541473388672
99.99553680419922
99.99469757080078
99.99383544921875
99.99456024169922
99.99320220947266
99.99373626708984
99.99229431152344
99.99100494384766
99.9835205078125
99.97432708740234
99.97953796386719
99.98726654052734
99.99183654785156
99.99382019042969
99.9947738647461
99.99530792236328
99.9951171875
99.99561309814453
99.99606323242188
99.9944076538086
99.9938735961914
99.99279022216797
99.9939193725586
99.97480773925781
99.98987579345703
99.99333953857422
99.99285888671875
99.98960876464844
99.98324584960938
99.98723602294922
99.9930419921875
99.99394989013672
99.9600830078125
99.98333740234375
99.98745727539062
99.99146270751953
99.99411010742188
99.9947738647461
99.99563598632812
99.99465942382812
99.99576568603516
99.99578857421875
99.99581909179688
99.99362182617188
99.99401092529297
99.98174285888672
99.96719360351562
99.9874038696289
99.98365020751953
99.9896240234375
99.99365997314453
99.9902572631836
99.99431610107422
99.99408721923828
99.99646759033203
99.99188232421875
99.9949722290039
99.99494934082031
99.99555206298828
99.99219512939453
99.99129486083984
99.99317169189453
99.99182891845703
99.99315643310547
99.9921646118164
99.99320220947266
99.98330688476562
99.97848510742188
99.99016571044922
99.98265838623047
99.9931869506836
99.99531555175781
99.99609375
99.99549865722656
99.99462890625
99.99605560302734
99.9953384399414
99.99488830566406
99.99284362792969
99.99039459228516
99.99134063720703
99.96295166015625
99.98812103271484
99.99100494384766
99.99459075927734
99.99586486816406
99.99531555175781
99.99659729003906
99.99610900878906
99.99652862548828
99.99633026123047
99.99657440185547
99.99455261230469
99.99322509765625
99.97505187988281
99.97782135009766
