99.996337890625
99.98483276367188
99.96898651123047
99.958251953125
99.96321105957031
99.97032928466797
99.95576477050781
99.9615249633789
99.94221496582031
99.92051696777344
99.95731353759766
99.92289733886719
99.9477310180664
99.94249725341797
99.94232940673828
99.94075012207031
99.92467498779297
99.92652893066406
99.9249267578125
99.92089080810547
99.93476104736328
99.90290069580078
99.93132781982422
99.93511199951172
99.93048095703125
99.92918395996094
99.92298889160156
99.91790008544922
99.92205047607422
99.9315185546875
99.94071960449219
99.93365478515625
99.9228515625
99.92598724365234
99.93330383300781
99.9332046508789
99.93408203125
99.94437408447266
99.93990325927734
99.9334716796875
99.9399642944336
99.9404296875
99.94515228271484
99.94386291503906
99.94780731201172
99.9543228149414
99.94717407226562
99.92427062988281
99.93952941894531
99.95024108886719
99.95149993896484
99.9520034790039
99.95948028564453
99.9629135131836
99.96137237548828
99.9595718383789
99.94725036621094
99.94924926757812
99.9451904296875
99.95276641845703
99.96119689941406
99.96135711669922
99.96702575683594
99.96993255615234
99.96378326416016
99.97180938720703
99.95933532714844
99.96218872070312
99.95246887207031
99.94843292236328
99.96082305908203
99.96106719970703
99.96102142333984
99.9720230102539
99.97190856933594
99.97390747070312
99.97134399414062
99.94609832763672
99.96170806884766
99.96949768066406
99.97566986083984
99.97691345214844
99.9732437133789
99.97538757324219
99.97616577148438
99.97296142578125
99.97571563720703
99.97020721435547
99.97504425048828
99.9767074584961
99.97870635986328
99.95852661132812
99.96544647216797
99.97229766845703
99.9798812866211
99.98137664794922
99.98236846923828
99.98139190673828
99.978271484375
99.98200225830078

