99.98802185058594
99.99149322509766
99.98539733886719
99.97599029541016
99.9697494506836
99.95011901855469
99.95590209960938
99.96276092529297
99.95545959472656
99.95599365234375
99.94532012939453
99.93455505371094
99.92965698242188
99.93257141113281
99.94353485107422
99.93665313720703
99.93235778808594
99.92078399658203
99.95283508300781
99.92823791503906
99.90821838378906
99.91484069824219
99.91849517822266
99.93156433105469
99.94305419921875
99.9186019897461
99.90873718261719
99.93347930908203
99.91893005371094
99.95991516113281
99.94668579101562
99.929931640625
99.92880249023438
99.92964172363281
99.93746185302734
99.95394897460938
99.95968627929688
99.94474029541016
99.92832946777344
99.93753051757812
99.93617248535156
99.93492126464844
99.95374298095703
99.93115997314453
99.93608856201172
99.93256378173828
99.93126678466797
99.94062805175781
99.94618225097656
99.94404602050781
99.94214630126953
99.96102905273438
99.94630432128906
99.94674682617188
99.94721221923828
99.94761657714844
99.94821166992188
99.94446563720703
99.96209716796875
99.95145416259766
99.9422836303711
99.95287322998047
99.94760131835938
99.9557113647461
99.95175170898438
99.9473876953125
99.95462799072266
99.94354248046875
99.95003509521484
99.95451354980469
99.95745086669922
99.95922088623047
99.95899200439453
99.95916748046875
99.965576171875
99.96686553955078
99.9379653930664
99.9573974609375
99.96012878417969
99.95862579345703
99.9615707397461
99.96770477294922
99.96232604980469
99.97026062011719
99.96623992919922
99.9646224975586
99.95222473144531
99.95899963378906
99.9649887084961
99.96565246582031
99.96904754638672
99.96609497070312
99.97050476074219
99.96847534179688
99.96910095214844
99.96023559570312
99.96639251708984
99.9660873413086
99.97224426269531
99.96996307373047
