99.95692443847656
99.98788452148438
99.97925567626953
99.96753692626953
99.95977020263672
99.97491455078125
99.98113250732422
99.97408294677734
99.97716522216797
99.92276000976562
99.94017791748047
99.943359375
99.93001556396484
99.9226303100586
99.90673828125
99.94152069091797
99.93527221679688
99.93025970458984
99.92608642578125
99.91287231445312
99.91593933105469
99.93244934082031
99.90097045898438
99.9088134765625
99.92109680175781
99.94038391113281
99.9267578125
99.92138671875
99.9137191772461
99.92720031738281
99.94200134277344
99.92130279541016
99.9229736328125
99.92884826660156
99.93569946289062
99.92497253417969
99.93761444091797
99.93252563476562
99.92398071289062
99.94274139404297
99.92925262451172
99.93708801269531
99.92183685302734
99.94513702392578
99.95100402832031
99.95092010498047
99.91873168945312
99.9327163696289
99.94204711914062
99.94775390625
99.95018768310547
99.94159698486328
99.95313262939453
99.95942687988281
99.91979217529297
99.936767578125
99.93856811523438
99.95111083984375
99.95154571533203
99.96280670166016
99.95953369140625
99.95889282226562
99.95843505859375
99.94385528564453
99.94750213623047
99.94796752929688
99.95796966552734
99.96265411376953
99.9636001586914
99.9672622680664
99.96549224853516
99.96127319335938
99.96981811523438
99.93587493896484
99.94941711425781
99.96240234375
99.96298217773438
99.96768951416016
99.9683837890625
99.97378540039062
99.97080993652344
99.966796875
99.96124267578125
99.93042755126953
99.9504623413086
99.96086120605469
99.96753692626953
99.97032165527344
99.9761734008789
99.96990203857422
99.9717788696289
99.9600601196289
99.93518829345703
99.95597076416016
99.96292877197266
99.97431945800781
99.97264862060547
99.97343444824219
99.97759246826172
99.9803695678711
