99.97941589355469
99.98726654052734
99.97026062011719
99.9800796508789
99.94304656982422
99.97017669677734
99.94064331054688
99.947509765625
99.95240783691406
99.94412994384766
99.95115661621094
99.93646240234375
99.9177017211914
99.90555572509766
99.90689849853516
99.918701171875
99.90924835205078
99.9251480102539
99.9242935180664
99.92811584472656
99.93292999267578
99.90980529785156
99.92532348632812
99.91661071777344
99.92593383789062
99.92840576171875
99.92742919921875
99.91876220703125
99.9303207397461
99.92997741699219
99.93608856201172
99.93827819824219
99.93098449707031
99.93533325195312
99.92575073242188
99.9362564086914
99.9379653930664
99.93292999267578
99.94388580322266
99.91986083984375
99.93641662597656
99.93535614013672
99.95006561279297
99.93990325927734
99.94693756103516
99.95207214355469
99.94987487792969
99.9544448852539
99.94437408447266
99.94121551513672
99.95140838623047
99.95039367675781
99.95838928222656
99.95440673828125
99.96250915527344
99.95887756347656
99.91426086425781
99.94722747802734
99.95309448242188
99.96148681640625
99.95936584472656
99.9618148803711
99.95944213867188
99.9535140991211
99.94416046142578
99.94579315185547
99.95294189453125
99.95671081542969
99.96385192871094
99.9716796875
99.9717025756836
99.95960235595703
99.92044067382812
99.95099639892578
99.96456146240234
99.96439361572266
99.966552734375
99.97083282470703
99.97634887695312
99.97384643554688
99.96878051757812
99.9387435913086
99.9561538696289
99.95639038085938
99.9691390991211
99.97469329833984
99.97406768798828
99.97593688964844
99.9769058227539
99.97427368164062
99.97582244873047
99.97684478759766
99.95429229736328
99.95162963867188
99.96531677246094
99.97442626953125
99.97686004638672
99.97747802734375
99.97900390625
99.97886657714844
