99.99817657470703
99.9707260131836
99.96868896484375
99.96846008300781
99.96636199951172
99.95922088623047
99.95767211914062
99.96171569824219
99.95594024658203
99.95067596435547
99.93318176269531
99.94818115234375
99.94210815429688
99.92005157470703
99.93527221679688
99.90941619873047
99.92192840576172
99.93065643310547
99.91845703125
99.90970611572266
99.91018676757812
99.9237060546875
99.90928649902344
99.93212127685547
99.9364013671875
99.91920471191406
99.93519592285156
99.92021942138672
99.92847442626953
99.93205261230469
99.94243621826172
99.92919158935547
99.94123840332031
99.9380111694336
99.93265533447266
99.93941497802734
99.93128204345703
99.9365005493164
99.94076538085938
99.95108032226562
99.94453430175781
99.9493637084961
99.92806243896484
99.94549560546875
99.94265747070312
99.9468002319336
99.94325256347656
99.950927734375
99.95059967041016
99.94917297363281
99.95775604248047
99.95013427734375
99.9593505859375
99.95458984375
99.95622253417969
99.95808410644531
99.95631408691406
99.96245574951172
99.96944427490234
99.96150207519531
99.96139526367188
99.9586410522461
99.96370697021484
99.96417999267578
99.9450454711914
99.95909118652344
99.96406555175781
99.96455383300781
99.9711685180664
99.9706039428711
99.97563934326172
99.97581481933594
99.9749984741211
99.97607421875
99.97030639648438
99.96782684326172
99.97079467773438
99.97103118896484
99.97822570800781
99.97791290283203
99.9472427368164
99.95777893066406
99.96794128417969
99.97356414794922
99.96780395507812
99.97652435302734
99.979248046875
99.97879791259766
99.97965240478516
99.98078155517578
99.97979736328125
99.97603607177734
99.97823333740234
99.97657012939453
99.98069763183594
99.97953796386719
99.98219299316406
99.96392059326172
99.9683837890625
99.97013092041016
