99.98101806640625
99.98245239257812
99.98153686523438
99.98023223876953
99.96415710449219
99.95723724365234
99.97020721435547
99.97469329833984
99.97508239746094
99.97744750976562
99.98403930664062
99.98429870605469
99.98172760009766
99.9730224609375
99.97691345214844
99.96864318847656
99.97827911376953
99.98137664794922
99.945068359375
99.96437072753906
99.97694396972656
99.98201751708984
99.98516845703125
99.98042297363281
99.98526763916016
99.98648071289062
99.98773193359375
99.98448181152344
99.97837829589844
99.96665954589844
99.97413635253906
99.978759765625
99.98529052734375
99.98503875732422
99.98652648925781
99.98914337158203
99.98663330078125
99.98680114746094
99.9832763671875
99.97618103027344
99.96031188964844
99.97395324707031
99.97129821777344
99.98442840576172
99.98808288574219
99.98739624023438
99.99047088623047
99.98805236816406
99.98687744140625
99.98554229736328
99.9822998046875
99.98063659667969
99.97065734863281
99.97774505615234
99.98368072509766
99.98886108398438
99.98772430419922
99.98848724365234
99.98749542236328
99.98347473144531
99.98809051513672
99.98370361328125
99.98321533203125
99.98870849609375
99.95835876464844
99.9695816040039
99.97908782958984
99.98400115966797
99.98810577392578
99.98841094970703
99.98458862304688
99.98889923095703
99.98807525634766
99.9906997680664
99.9885482788086
99.98501586914062
99.9881362915039
99.98554992675781
99.98219299316406
99.98518371582031
99.96015930175781
99.97174835205078
99.98392486572266
99.98944091796875
99.99125671386719
99.98928833007812
99.9903793334961
99.99110412597656
99.98892211914062
99.98980712890625
99.99018096923828
99.98821258544922
99.98979187011719
99.97618103027344
99.96258544921875
99.97808074951172
99.9839859008789
99.98700714111328
99.99131774902344
99.99240112304688
