99.99560546875
99.97179412841797
99.98269653320312
99.95841979980469
99.9675521850586
99.96769714355469
99.94721984863281
99.9588394165039
99.94090270996094
99.94426727294922
99.92828369140625
99.93241119384766
99.92153930664062
99.93705749511719
99.92372131347656
99.93580627441406
99.92951202392578
99.92020416259766
99.91954803466797
99.91897583007812
99.91082763671875
99.94178009033203
99.92154693603516
99.91129302978516
99.91001892089844
99.91241455078125
99.92249298095703
99.93086242675781
99.93131256103516
99.93164825439453
99.92267608642578
99.9247817993164
99.92311096191406
99.92666625976562
99.93214416503906
99.92529296875
99.94066619873047
99.94039154052734
99.93505096435547
99.93881225585938
99.92534637451172
99.93902587890625
99.93502807617188
99.9344711303711
99.9446029663086
99.93952941894531
99.9483413696289
99.95310974121094
99.94094848632812
99.9415054321289
99.94361877441406
99.94580078125
99.9496841430664
99.94888305664062
99.95167541503906
99.95427703857422
99.96273803710938
99.96013641357422
99.94884490966797
99.95311737060547
99.94331359863281
99.95478057861328
99.95706939697266
99.9496841430664
99.96115112304688
99.96511840820312
99.96354675292969
99.96426391601562
99.96257019042969
99.96036529541016
99.96328735351562
99.96503448486328
99.96337890625
99.96424865722656
99.9708251953125
99.96588897705078
99.952392578125
99.962158203125
99.9621810913086
99.9646987915039
99.9687728881836
99.97126770019531
99.97331237792969
99.97303009033203
99.9752426147461
99.97309112548828
99.9547348022461
99.95643615722656
99.96127319335938
99.96695709228516
99.97337341308594
99.97486114501953
99.97650146484375
99.9769058227539
99.97663116455078
99.96957397460938
99.97702026367188
99.97762298583984
99.95658111572266
99.97064208984375
