99.98722839355469
99.9920425415039
99.98709869384766
99.9786376953125
99.9752197265625
99.9636001586914
99.95178985595703
99.96131896972656
99.94896697998047
99.96693420410156
99.92530059814453
99.95091247558594
99.94636535644531
99.92048645019531
99.9348373413086
99.90071868896484
99.94241333007812
99.92366790771484
99.94094848632812
99.93241882324219
99.93447875976562
99.94355773925781
99.89839935302734
99.93096923828125
99.91464233398438
99.9359130859375
99.91744232177734
99.92731475830078
99.90995788574219
99.93621826171875
99.96005249023438
99.94911193847656
99.93811798095703
99.92162322998047
99.93351745605469
99.92831420898438
99.93489074707031
99.94137573242188
99.93999481201172
99.94137573242188
99.9482650756836
99.94254302978516
99.93546295166016
99.93180847167969
99.94205474853516
99.95052337646484
99.94396209716797
99.94593048095703
99.94305419921875
99.95501708984375
99.95189666748047
99.95559692382812
99.97048950195312
99.9511947631836
99.94389343261719
99.94503021240234
99.94941711425781
99.94930267333984
99.94834899902344
99.9565658569336
99.95487213134766
99.95735931396484
99.95246887207031
99.95128631591797
99.9561996459961
99.9598388671875
99.95613098144531
99.95462036132812
99.95655059814453
99.95911407470703
99.96467590332031
99.96272277832031
99.96856689453125
99.96625518798828
99.96183776855469
99.96480560302734
99.96900939941406
99.9672622680664
99.96114349365234
99.9675064086914
99.96595764160156
99.96697235107422
99.96389770507812
99.966552734375
99.96595001220703
99.97278594970703
99.97525787353516
99.97203063964844
99.97071838378906
99.97269439697266
99.97235870361328
99.97284698486328
99.96859741210938
99.96627044677734
99.96891784667969
99.97075653076172
99.97528076171875
99.9749984741211
99.9759292602539
99.98052215576172
