99.99874877929688
99.9905014038086
99.98274230957031
99.9718017578125
99.95099639892578
99.92753601074219
99.97695922851562
99.94993591308594
99.94786071777344
99.94415283203125
99.9318618774414
99.94912719726562
99.94429016113281
99.92760467529297
99.93694305419922
99.95075225830078
99.9451904296875
99.92008209228516
99.92110443115234
99.92499542236328
99.9256591796875
99.93694305419922
99.91455078125
99.90973663330078
99.89571380615234
99.92932891845703
99.92610931396484
99.92291259765625
99.88887023925781
99.90303802490234
99.9142074584961
99.90835571289062
99.94136047363281
99.88383483886719
99.91690826416016
99.92589569091797
99.92620849609375
99.9146957397461
99.91313171386719
99.9301528930664
99.91604614257812
99.92770385742188
99.93496704101562
99.91498565673828
99.93012237548828
99.93428039550781
99.92289733886719
99.93032836914062
99.92990112304688
99.94276428222656
99.93312072753906
99.9491958618164
99.94578552246094
99.94315338134766
99.94408416748047
99.9329605102539
99.94587707519531
99.94235229492188
99.95496368408203
99.94813537597656
99.93450927734375
99.90758514404297
99.94910430908203
99.94392395019531
99.9458999633789
99.95448303222656
99.95623016357422
99.95928955078125
99.92696380615234
99.94178771972656
99.94564056396484
99.9533920288086
99.9565658569336
99.95945739746094
99.95276641845703
99.95042419433594
99.90442657470703
99.95491790771484
99.95939636230469
99.95720672607422
99.9828109741211
99.97843170166016
99.98011779785156
99.96417236328125
99.96758270263672
99.96732330322266
99.96625518798828
99.96587371826172
99.96128845214844
99.94246673583984
99.89611053466797
99.9469223022461
99.93608856201172
99.94744873046875
99.93791198730469
99.90621948242188
99.92301940917969
99.91768646240234
99.9224853515625
99.9111557006836
99.94126892089844
99.93791198730469
99.93040466308594
99.90911102294922
99.94982147216797
99.93304443359375
99.92359924316406
99.92766571044922
99.92224884033203
99.93355560302734
99.935791015625
99.93546295166016
99.92107391357422
99.91865539550781
99.92310333251953
99.93514251708984
99.93228912353516
99.93524169921875
99.94915771484375
99.94721221923828
99.94474029541016
99.95449829101562
99.93207550048828
99.93350219726562
99.9376449584961
99.947998046875
99.9504165649414
99.95268249511719
99.9560317993164
99.9603271484375
99.93341827392578
99.94049072265625
99.94152069091797
99.95478057861328
99.95428466796875
99.9584732055664
99.9588394165039
99.9621353149414
99.96361541748047
99.95743560791016
99.94322967529297
99.94989776611328
99.96221923828125
99.95933532714844
99.96249389648438
99.9666748046875
99.96633911132812
99.9618911743164
99.96887969970703
99.93624877929688
99.95735168457031
99.96611785888672
99.96826934814453
99.9710693359375
99.96806335449219
99.97293090820312
99.97225952148438
99.9726791381836
99.96693420410156
99.97037506103516
