99.99406433105469
99.98143005371094
99.96878814697266
99.97985076904297
99.94658660888672
99.96504211425781
99.92989349365234
99.95870208740234
99.93401336669922
99.91968536376953
99.94456481933594
99.93522644042969
99.93415832519531
99.94277954101562
99.9333267211914
99.92064666748047
99.93122100830078
99.89934539794922
99.9337387084961
99.92843627929688
99.9228286743164
99.91390991210938
99.91036987304688
99.92908477783203
99.9205551147461
99.92986297607422
99.91777038574219
99.89797973632812
99.91655731201172
99.9255599975586
99.90711212158203
99.91983795166016
99.92633056640625
99.92579650878906
99.95651245117188
99.93026733398438
99.92339324951172
99.92747497558594
99.93853759765625
99.93731689453125
99.93446350097656
99.92371368408203
99.92524719238281
99.9289321899414
99.9371109008789
99.93876647949219
99.92472839355469
99.93366241455078
99.93534088134766
99.94004821777344
99.94771575927734
99.94851684570312
99.9511947631836
99.93563079833984
99.93565368652344
99.94197845458984
99.94375610351562
99.95023345947266
99.95811462402344
99.93926239013672
99.94480895996094
99.94064331054688
99.94456481933594
99.94501495361328
99.95118713378906
99.9516372680664
99.95687866210938
99.92644500732422
99.93568420410156
99.94345092773438
99.9539566040039
99.95451354980469
99.95989990234375
99.96170806884766
99.95957946777344
99.96084594726562
99.93028259277344
99.94363403320312
99.95486450195312
99.95614624023438
99.96012115478516
99.9604721069336
99.96373748779297
99.96746063232422
99.96216583251953
99.93968963623047
99.95201110839844
99.95178985595703
99.96467590332031
99.96674346923828
99.96868133544922
99.96888732910156
99.96888732910156
99.94550323486328
99.9324951171875
99.95963287353516
99.95421600341797
99.96554565429688
99.97029113769531
99.97233581542969
99.9710464477539
99.96794128417969
99.97274017333984
99.96774291992188
99.9691162109375
99.93927764892578
99.95111083984375
99.9640121459961
99.97026062011719
99.96908569335938
99.97503662109375
99.9716567993164
99.97513580322266
99.97442626953125
99.97038269042969
99.9512710571289
99.94725036621094
99.96115112304688
99.96955108642578
99.97200775146484
99.97782897949219
99.97823333740234
99.97977447509766
99.97779083251953
99.97522735595703
99.95428466796875
99.96307373046875
99.96778106689453
99.97442626953125
99.97801208496094
99.97471618652344
99.97633361816406
99.9792251586914
99.97122192382812
99.97650146484375
99.96992492675781
99.97283935546875
99.9752197265625
99.94303894042969
99.96749114990234
99.96402740478516
99.9734115600586
99.97660827636719
99.97232055664062
99.9784164428711
99.9808349609375
99.98175811767578
99.96453857421875
99.97407531738281
99.95743560791016
99.9649887084961
99.97195434570312
99.97808074951172
99.98066711425781
99.98019409179688
99.98257446289062
99.97761535644531
99.98011016845703
99.97267150878906
99.98162841796875
99.97347259521484
99.96680450439453
99.94300842285156
99.96672058105469
99.97673797607422
99.97757720947266
99.98112487792969
99.98197937011719
99.98406219482422
99.9803466796875
99.9794692993164
99.98021697998047
99.97244262695312
99.95209503173828
99.95738983154297
99.97262573242188
99.97747802734375
99.98284149169922
99.98395538330078
99.9788818359375
99.98422241210938
99.98490142822266
99.98413848876953
99.9810791015625
99.95288848876953
99.96739959716797
99.9766616821289
99.97896575927734
99.98222351074219
99.98259735107422
99.9848403930664
99.97844696044922
99.98392486572266
99.98222351074219
99.98155975341797
99.98045349121094
99.95764923095703
99.97212219238281
99.97574615478516
99.98078155517578
99.9833984375
99.98576354980469
99.98506927490234
99.9817886352539
99.98148345947266
99.97743225097656
99.98058319091797
99.98444366455078
99.98245239257812
99.98340606689453
99.95352935791016
99.96946716308594
99.97792053222656
99.9819564819336
99.98318481445312
99.97821044921875
99.98613739013672
99.98177337646484
99.98690795898438
99.98503112792969
99.9778060913086
99.98077392578125
99.94371795654297
99.96696472167969
99.97634887695312
99.98143005371094
99.98267364501953
99.98694610595703
99.98721313476562
99.98556518554688
99.98590087890625
99.9847183227539
99.98197937011719
99.97605895996094
99.98388671875
99.97358703613281
99.96184539794922
99.96917724609375
99.9801254272461
99.97993469238281
99.98491668701172
99.98595428466797
99.98695373535156
99.98912048339844
99.98362731933594
99.98704528808594
99.94816589355469
99.95789337158203
99.97735595703125
99.98287200927734
99.98584747314453
99.98638916015625
99.9874267578125
99.98833465576172
99.9879379272461
99.98805236816406
99.98733520507812
99.98700714111328
99.97374725341797
99.94647979736328
99.97559356689453
99.98191833496094
99.98579406738281
99.98587036132812
99.98172760009766
99.98825073242188
99.98783111572266
99.9870376586914
99.98774719238281
99.98599243164062
99.95235443115234
99.96627807617188
99.97550201416016
99.9810562133789
99.98588562011719
99.98777770996094
99.98707580566406
99.98925018310547
99.9864730834961
99.98772430419922
99.98802185058594
99.98095703125
99.98506927490234
99.98283386230469
99.95592498779297
99.96936798095703
99.98182678222656
99.98529052734375
99.9884262084961
99.98884582519531
99.98959350585938
99.990966796875
99.98725891113281
99.98947143554688
99.9863052368164
99.98206329345703
99.98192596435547
99.96246337890625
99.97357177734375
99.98336791992188
99.98512268066406
99.98703002929688
99.9874496459961
99.98201751708984
99.98892211914062
99.9901351928711
99.98719787597656
99.9857177734375
99.9878158569336
99.98600006103516
99.9451675415039
99.97313690185547
99.98250579833984
99.98363494873047
99.98870849609375
99.98839569091797
99.98968505859375
99.99082946777344
99.9886703491211
99.98938751220703
99.98639678955078
99.98448944091797
99.9778823852539
99.96503448486328
99.96524047851562
99.98113250732422
99.98585510253906
99.98794555664062
99.99058532714844
99.9902572631836
99.9897232055664
99.98906707763672
99.9908218383789
99.98782348632812
99.98574829101562
99.9820327758789
99.96735382080078
99.97493743896484
99.98410034179688
99.98664855957031
99.9892807006836
99.98957061767578
99.99163818359375
99.99053192138672
99.99259948730469
99.98979949951172
99.98745727539062
99.98509979248047
99.96244049072266
99.97830963134766
99.98271942138672
99.98806762695312
99.98990631103516
99.98946380615234
99.99077606201172
99.99102020263672
99.98641967773438
99.98921203613281
99.9859848022461
99.98480987548828
99.9757080078125
99.96697235107422
99.97612762451172
99.98224639892578
99.98683166503906
99.98985290527344
99.98921203613281
99.991455078125
99.99163818359375
99.97940063476562
99.984130859375
99.98170471191406
99.97694396972656
99.98824310302734
99.9879379272461
99.99129486083984
99.98778533935547
99.98945617675781
99.98451232910156
99.96481323242188
99.97318267822266
99.98189544677734
99.98545837402344
99.98930358886719
99.99040222167969
99.99199676513672
99.9919204711914
99.99302673339844
99.99200439453125
99.98967742919922
99.99200439453125
99.989501953125
99.9705581665039
99.96561431884766
99.9703369140625
99.98014831542969
99.98554229736328
99.98960876464844
99.99089813232422
99.98907470703125
