99.99015045166016
99.95365905761719
99.96710968017578
99.9687271118164
99.95542907714844
99.9929428100586
99.94650268554688
99.93865966796875
99.9465560913086
99.94103240966797
99.94342041015625
99.93785095214844
99.93222045898438
99.938720703125
99.90282440185547
99.95082092285156
99.91447448730469
99.88037872314453
99.91056060791016
99.92695617675781
99.93164825439453
99.9385986328125
99.91146850585938
99.92118835449219
99.90904235839844
99.9197006225586
99.88661193847656
99.93597412109375
99.90206146240234
99.90885162353516
99.92378234863281
99.90765380859375
99.93099975585938
99.93092346191406
99.92049407958984
99.9271240234375
99.91650390625
99.92481231689453
99.93436431884766
99.9374008178711
99.9406509399414
99.93810272216797
99.92610931396484
99.93350219726562
99.93737030029297
99.93311309814453
99.93927764892578
99.94499969482422
99.94388580322266
99.9522476196289
99.94685363769531
99.92820739746094
99.9444808959961
99.95134735107422
99.95772552490234
99.95886993408203
99.95865631103516
99.95235443115234
99.95236206054688
99.93959045410156
99.94036865234375
99.94743347167969
99.95478057861328
99.95734405517578
99.96483612060547
99.96753692626953
99.9432601928711
99.94145965576172
99.9527359008789
99.9588851928711
99.95843505859375
99.970703125
99.97045135498047
99.96910858154297
99.96987915039062
99.97188568115234
99.93409729003906
99.96092224121094
99.96449279785156
99.97154998779297
99.97534942626953
99.97331237792969
99.97499084472656
99.9667739868164
99.9710464477539
99.96898651123047
99.94491577148438
99.95835876464844
99.96540069580078
99.97265625
99.97586059570312
99.97280883789062
99.96158599853516
99.97447967529297
99.9794921875
99.97369384765625
99.95089721679688
99.96064758300781
99.97139739990234
99.97369384765625
