99.98799133300781
99.97427368164062
99.95042419433594
99.95896911621094
99.9573974609375
99.95391845703125
99.95633697509766
99.950927734375
99.92530059814453
99.93280792236328
99.93978118896484
99.90859985351562
99.91023254394531
99.93760681152344
99.93759155273438
99.9310302734375
99.91268920898438
99.90859985351562
99.9056167602539
99.92723846435547
99.91813659667969
99.92806243896484
99.92022705078125
99.92840576171875
99.9131851196289
99.92605590820312
99.9185791015625
99.9253158569336
99.9375
99.9368667602539
99.92578887939453
99.92819213867188
99.93390655517578
99.93805694580078
99.93785095214844
99.93465423583984
99.9393081665039
99.93314361572266
99.9370346069336
99.94634246826172
99.94080352783203
99.94617462158203
99.94682312011719
99.92965698242188
99.94554138183594
99.94403839111328
99.94315338134766
99.95003509521484
99.95439147949219
99.95256805419922
99.9499282836914
99.94084167480469
99.95197296142578
99.95005798339844
99.9487075805664
99.96118927001953
99.95885467529297
99.9607162475586
99.95352172851562
99.94593811035156
99.95365905761719
99.95294952392578
99.95800018310547
99.9577407836914
99.96163177490234
99.96211242675781
99.94855499267578
99.95654296875
99.95513916015625
99.9639892578125
99.96760559082031
99.97081756591797
99.96835327148438
99.97332763671875
99.96923065185547
99.96224212646484
99.94287109375
99.96658325195312
99.96795654296875
99.96612548828125
99.96588134765625
99.9698715209961
99.9676742553711
99.95228576660156
99.96644592285156
99.96967315673828
99.9724349975586
99.97566986083984
99.96939849853516
99.97661590576172
99.97314453125
99.95423889160156
99.95769500732422
99.9591293334961
99.97374725341797
99.97537231445312
99.97813415527344
99.97728729248047
99.97706604003906
99.97947692871094
