99.99254608154297
99.9967041015625
99.96834564208984
99.97040557861328
99.97600555419922
99.95753479003906
99.95515441894531
99.88972473144531
99.95648193359375
99.93108367919922
99.92771911621094
99.94756317138672
99.9455795288086
99.9651107788086
99.90359497070312
99.93622589111328
99.92295837402344
99.92705535888672
99.92985534667969
99.92603302001953
99.91484069824219
99.9207763671875
99.91143035888672
99.93292999267578
99.93989562988281
99.8803939819336
99.92552185058594
99.91022491455078
99.92587280273438
99.91990661621094
99.92009735107422
99.93235778808594
99.92616271972656
99.9170913696289
99.9332046508789
99.92520904541016
99.93350219726562
99.92727661132812
99.91940307617188
99.91424560546875
99.91148376464844
99.9270248413086
99.91818237304688
99.93224334716797
99.9359359741211
99.92963409423828
99.93009948730469
99.93486785888672
99.94235229492188
99.9444808959961
99.91205596923828
99.9334716796875
99.93216705322266
99.93048095703125
99.94783020019531
99.9410629272461
99.95167541503906
99.94773864746094
99.93768310546875
99.93964385986328
99.94771575927734
99.94837951660156
99.948486328125
99.95748138427734
99.94573974609375
99.9437484741211
99.95986938476562
99.94915008544922
99.94889068603516
99.95314025878906
99.9555892944336
99.93938446044922
99.94912719726562
99.95405578613281
99.95703125
99.96168518066406
99.96431732177734
99.94680786132812
99.93983459472656
99.94808197021484
99.9571533203125
99.95991516113281
99.96357727050781
99.95994567871094
99.96044921875
99.9644546508789
99.93854522705078
99.95061492919922
99.96038818359375
99.9658432006836
99.96772766113281
99.9645004272461
99.96871185302734
99.94817352294922
99.95504760742188
99.95874786376953
99.96742248535156
99.96997833251953
99.9716796875
99.9683609008789
99.96871948242188
99.95796203613281
99.94581604003906
99.9498519897461
99.96353149414062
99.96807861328125
99.9691390991211
99.97113037109375
99.9746322631836
99.97689056396484
99.96015167236328
99.93341827392578
99.94734191894531
99.9520034790039
99.96810913085938
99.97412872314453
99.97332763671875
99.97428894042969
99.97151947021484
99.96971130371094
99.95567321777344
99.94316864013672
99.96182250976562
99.96900177001953
99.97197723388672
99.97518157958984
99.97514343261719
99.9745101928711
99.97541809082031
99.9649429321289
99.9612808227539
99.95953369140625
99.9660873413086
99.97251892089844
99.97586822509766
99.97669982910156
99.97132110595703
99.97374725341797
99.97595977783203
99.97350311279297
99.9712905883789
99.9585189819336
99.96720123291016
99.97747039794922
99.97599029541016
99.97904205322266
99.97654724121094
99.9760513305664
99.9815444946289
99.96114349365234
