99.99272918701172
99.9837875366211
99.97150421142578
99.95242309570312
99.95994567871094
99.95118713378906
99.93456268310547
99.97045135498047
99.93954467773438
99.90079498291016
99.92960357666016
99.92579650878906
99.94476318359375
99.91065979003906
99.92130279541016
99.87750244140625
99.92704010009766
99.92176055908203
99.93732452392578
99.92828369140625
99.92570495605469
99.91813659667969
99.91814422607422
99.90921020507812
99.91400146484375
99.91328430175781
99.922119140625
99.91790771484375
99.90849304199219
99.91352081298828
99.91998291015625
99.92510986328125
99.92488861083984
99.9281997680664
99.93140411376953
99.93077850341797
99.92327880859375
99.93624114990234
99.93861389160156
99.93937683105469
99.93440246582031
99.9366226196289
99.93211364746094
99.93792724609375
99.94371795654297
99.95166015625
99.94329071044922
99.94731903076172
99.92679595947266
99.93409729003906
99.9411849975586
99.94866180419922
99.93965148925781
99.9588623046875
99.94688415527344
99.93903350830078
99.94212341308594
99.951904296875
99.95584106445312
99.9579849243164
99.96058654785156
99.96417999267578
99.9587631225586
99.93527221679688
99.93685913085938
99.95287322998047
99.95439910888672
99.95968627929688
99.96550750732422
99.96183776855469
99.96549224853516
99.9639892578125
99.96051025390625
99.95404052734375
99.93177795410156
99.94794464111328
99.95358276367188
99.96358489990234
99.96499633789062
99.9697494506836
