99.98448944091797
99.98236083984375
99.97305297851562
99.96292114257812
99.93622589111328
99.95042419433594
99.9555435180664
99.95320129394531
99.95671844482422
99.93303680419922
99.9583740234375
99.92621612548828
99.94932556152344
99.92122650146484
99.92225646972656
99.94586944580078
99.9290542602539
99.92249298095703
99.92057037353516
99.93585205078125
99.90846252441406
99.93336486816406
99.91944122314453
99.91165161132812
99.94606018066406
99.93611907958984
99.932373046875
99.92235565185547
99.92415618896484
99.92896270751953
99.93492126464844
99.94060516357422
99.94232177734375
99.92060089111328
99.92915344238281
99.92962646484375
99.94271087646484
99.95063781738281
99.95342254638672
99.95258331298828
99.94867706298828
99.91984558105469
99.94895935058594
99.94393157958984
99.94200897216797
99.94933319091797
99.95330810546875
99.95623779296875
99.95978546142578
99.95500183105469
99.93688201904297
99.94922637939453
99.94349670410156
99.95576477050781
99.96153259277344
99.9603271484375
99.96565246582031
99.96976470947266
99.9609375
99.94149017333984
99.95272827148438
99.95817565917969
99.96339416503906
99.96437072753906
99.9699478149414
99.96461486816406
99.97246551513672
99.97193145751953
99.92681121826172
99.95369720458984
99.965576171875
99.96712493896484
99.96985626220703
99.97512817382812
99.9740982055664
99.96733093261719
99.97057342529297
99.96173095703125
99.95816040039062
99.96112823486328
99.96941375732422
99.97195434570312
99.97615051269531
99.97845458984375
99.9791030883789
99.97795104980469
99.9428939819336
99.9490966796875
99.97057342529297
99.970947265625
99.9771499633789
99.97571563720703
99.97886657714844
99.97685241699219
99.97905731201172
99.97355651855469
99.97489929199219
99.97892761230469
99.95165252685547
99.9564437866211
