99.99195098876953
99.97701263427734
99.9661636352539
99.97789001464844
99.9510269165039
99.97521209716797
99.94676971435547
99.96261596679688
99.9389877319336
99.93655395507812
99.94158172607422
99.94837951660156
99.9324951171875
99.92554473876953
99.91987609863281
99.94047546386719
99.93222045898438
99.92606353759766
99.9243392944336
99.94474029541016
99.93476867675781
99.9368667602539
99.92464447021484
99.92383575439453
99.93347930908203
99.92607116699219
99.93206024169922
99.9280776977539
99.92562866210938
99.93663787841797
99.9397201538086
99.9285888671875
99.94647216796875
99.94268798828125
99.95040893554688
99.95691680908203
99.93892669677734
99.9427719116211
99.95308685302734
99.94087982177734
99.95198059082031
99.95565795898438
99.95646667480469
99.95756530761719
99.96197509765625
99.9555892944336
99.95344543457031
99.95307922363281
99.95500946044922
99.95352935791016
99.96173095703125
99.96562957763672
99.96382141113281
99.968994140625
99.95616912841797
99.96467590332031
99.9665756225586
99.9480972290039
99.96018981933594
99.95929718017578
99.96698760986328
99.96730041503906
99.96437072753906
99.96946716308594
99.96783447265625
99.96886444091797
99.97434997558594
99.97516632080078
99.96710968017578
99.95508575439453
99.95816040039062
99.96603393554688
99.96837615966797
99.9712905883789
99.97566223144531
99.97484588623047
99.97789764404297
99.97892761230469
99.9794921875
99.98163604736328
99.97904968261719
99.97557067871094
99.98133850097656
99.98194885253906
99.98137664794922
99.94586944580078
99.96438598632812
99.97431182861328
99.9806900024414
99.98355865478516
99.98077392578125
99.98513793945312
99.9811019897461
99.98136138916016
99.98262786865234
99.97808074951172
99.970703125
99.96524810791016
99.9747085571289
99.98116302490234
99.98502349853516
99.98421478271484
99.98739624023438
99.98761749267578
99.98538970947266
99.97116088867188
99.97587585449219
99.96617126464844
99.98080444335938
99.98523712158203
99.9878158569336
99.98910522460938
99.98793029785156
99.98905944824219
99.98960876464844
99.98329162597656
99.98170471191406
99.98532104492188
99.96919250488281
99.97481536865234
99.98008728027344
99.97642517089844
99.98495483398438
99.98672485351562
99.98841857910156
99.9906234741211
99.99138641357422
99.97782897949219
99.98474884033203
99.98350524902344
99.98555755615234
99.98957061767578
99.98484802246094
99.9780502319336
99.98421478271484
99.98783111572266
99.98930358886719
99.99038696289062
99.99166870117188
99.99087524414062
99.9925308227539
99.98806762695312
99.98973083496094
99.98983001708984
99.98811340332031
99.9895248413086
99.97004699707031
99.98242950439453
99.98722076416016
99.99071502685547
99.99253845214844
99.99235534667969
99.9931411743164
99.99205780029297
99.99173736572266
99.9883804321289
99.98751068115234
99.99170684814453
99.97894287109375
99.98758697509766
99.964111328125
99.98243713378906
99.98824310302734
99.99015808105469
99.99297332763672
99.99391174316406
99.99420928955078
99.99427795410156
99.99388122558594
99.99100494384766
99.98851013183594
99.98941802978516
99.99044799804688
99.97454833984375
99.97885131835938
99.98776245117188
99.99205780029297
99.99325561523438
99.99285125732422
99.9940185546875
99.99423217773438
99.99162292480469
99.99455261230469
99.9924087524414
99.97279357910156
99.98145294189453
99.98710632324219
99.9912109375
99.9928207397461
99.99504089355469
99.99543762207031
99.99561309814453
99.99549102783203
99.9952163696289
99.99105834960938
99.99366760253906
99.9789810180664
99.99164581298828
99.96774291992188
99.978271484375
99.98860168457031
99.99219512939453
99.99253845214844
99.99421691894531
99.99494934082031
99.99591827392578
99.9961929321289
99.99642944335938
99.99103546142578
99.99144744873047
99.99009704589844
99.97187805175781
99.9868392944336
99.98745727539062
99.99162292480469
99.99472045898438
99.99604797363281
99.98784637451172
99.99578857421875
99.9940185546875
99.99581146240234
99.98731994628906
99.99028778076172
99.99398803710938
99.99263763427734
99.99524688720703
99.99615478515625
99.99593353271484
99.96641540527344
99.98107147216797
99.98294830322266
99.99344635009766
99.99418640136719
99.99616241455078
99.99577331542969
99.99604034423828
99.99420928955078
99.9961166381836
99.99579620361328
99.99565887451172
99.99633026123047
99.99546813964844
99.98933410644531
99.97998809814453
99.9889907836914
99.99080657958984
99.99467468261719
99.994873046875
99.99641418457031
99.99578094482422
99.99651336669922
99.99479675292969
99.99639129638672
99.99655151367188
99.9917221069336
99.99639129638672
99.99371337890625
99.99440002441406
99.98994445800781
99.97135925292969
99.98950958251953
99.99488067626953
99.99551391601562
99.99649810791016
99.99598693847656
99.99699401855469
99.99720001220703
99.99026489257812
99.99504089355469
99.98033142089844
99.98519897460938
99.9923324584961
99.9953842163086
99.99469757080078
99.99645233154297
99.99715423583984
99.996826171875
99.99603271484375
99.99330139160156
99.99405670166016
99.99595642089844
99.99562072753906
99.99527740478516
99.99597930908203
99.99240112304688
99.99372100830078
99.995849609375
99.98912048339844
99.9833984375
99.99002075195312
99.99436950683594
99.99636840820312
99.99701690673828
99.99734497070312
99.99763488769531
99.9969482421875
99.99761962890625
99.99781799316406
99.9880142211914
99.99243927001953
99.98314666748047
99.99514770507812
99.99467468261719
99.9954605102539
99.99696350097656
99.99726867675781
99.99817657470703
99.99681091308594
99.99797821044922
99.99688720703125
99.99408721923828
99.97500610351562
99.98706817626953
99.99315643310547
99.99527740478516
99.99674224853516
99.99736785888672
99.99758911132812
99.99781799316406
99.99693298339844
99.9949722290039
99.997314453125
99.97894287109375
99.98886108398438
99.9949722290039
99.99639129638672
99.99715423583984
99.99706268310547
99.99617004394531
99.99703979492188
99.99393463134766
99.99185180664062
99.99004364013672
99.97593688964844
99.99029541015625
99.99227142333984
99.9958724975586
99.99705505371094
99.994384765625
99.99787139892578
99.9977798461914
99.99829864501953
99.99588012695312
99.99396514892578
99.99498748779297
99.99562072753906
99.9958724975586
99.98828125
99.99522399902344
99.99176025390625
99.96756744384766
99.98777770996094
99.99374389648438
99.99710083007812
99.99739837646484
99.99786376953125
99.99807739257812
99.9975357055664
99.99668884277344
99.99543762207031
99.99658203125
99.99488830566406
99.99496459960938
99.99695587158203
99.99717712402344
99.99698638916016
99.99703979492188
99.99463653564453
99.9831314086914
99.98628997802734
99.99532318115234
99.9968490600586
99.99768829345703
99.99559783935547
99.99591064453125
99.99720764160156
99.99813079833984
99.99720001220703
99.99725341796875
99.99784088134766
99.997314453125
99.9924087524414
99.98574829101562
99.98314666748047
99.98528289794922
99.99301147460938
99.9962158203125
99.99765014648438
99.99774932861328
99.99805450439453
99.99791717529297
99.99772644042969
99.99838256835938
99.97557067871094
99.98701477050781
99.98909759521484
99.99288177490234
99.99584197998047
99.9974365234375
99.99727630615234
99.99758911132812
99.99754333496094
99.99764251708984
99.99639892578125
99.99757385253906
99.9948959350586
99.99708557128906
99.9959945678711
99.99232482910156
99.98646545410156
99.99394989013672
99.9965591430664
99.99563598632812
99.99766540527344
99.99845886230469
99.99873352050781
99.99878692626953
99.99808502197266
99.99776458740234
99.99677276611328
99.98399353027344
99.98686981201172
99.99304962158203
99.99654388427734
99.99740600585938
99.99784851074219
99.99835205078125
99.99811553955078
99.99842071533203
99.99854278564453
99.99818420410156
99.99673461914062
99.99671173095703
99.99639129638672
99.99568939208984
99.99813079833984
99.99479675292969
99.99673461914062
99.9944839477539
99.9769058227539
99.98419189453125
99.99520874023438
99.99718475341797
99.99710845947266
99.99824523925781
99.99652099609375
99.99868774414062
99.99857330322266
99.99813079833984
99.99609375
99.99535369873047
99.9961166381836
99.98749542236328
99.99671936035156
99.99776458740234
99.99821472167969
99.98486328125
99.99568176269531
99.99732971191406
99.99771118164062
99.98787689208984
99.99361419677734
99.9956283569336
99.99783325195312
99.99818420410156
99.99854278564453
99.99503326416016
99.99864959716797
99.99813079833984
99.99765014648438
99.9975357055664
99.99524688720703
99.99800109863281
99.99848175048828
99.98063659667969
99.98920440673828
99.99503326416016
99.99693298339844
99.99765014648438
99.99840545654297
99.99881744384766
99.99858093261719
99.99788665771484
99.99894714355469
99.99779510498047
99.99850463867188
99.99852752685547
99.98723602294922
99.9941177368164
99.99162292480469
99.99429321289062
99.98848724365234
99.99508666992188
99.99797821044922
99.99845123291016
99.99871826171875
99.99275207519531
99.99725341796875
99.99732208251953
99.99864959716797
99.96993255615234
99.99017333984375
99.99591064453125
99.9975357055664
99.99795532226562
99.99866485595703
99.99854278564453
99.998779296875
99.99710083007812
99.99773406982422
99.9974594116211
99.99665832519531
99.98860168457031
99.99720764160156
99.99771881103516
99.9985580444336
99.99658966064453
99.9955062866211
99.99370574951172
99.99700164794922
99.9977035522461
99.99845886230469
99.99869537353516
99.99862670898438
99.99606323242188
99.99821472167969
99.99805450439453
99.9915771484375
99.98841857910156
99.99314880371094
99.99513244628906
99.99715423583984
99.99813842773438
99.99765014648438
99.99818420410156
99.99786376953125
99.99845886230469
99.99848937988281
99.99859619140625
99.9984130859375
99.99442291259766
99.99747467041016
99.9970932006836
99.99788665771484
99.99320983886719
99.9953842163086
99.99031066894531
99.99385833740234
99.99642181396484
99.98885345458984
99.99495697021484
99.9968032836914
99.99817657470703
99.99856567382812
99.99881744384766
99.9975357055664
99.99839782714844
99.99871826171875
99.98764038085938
99.99390411376953
99.98936462402344
99.9953384399414
99.99575805664062
99.9937515258789
99.98603057861328
99.98976135253906
99.99369049072266
99.99685668945312
99.99759674072266
99.998046875
99.99859619140625
99.99894714355469
99.99900817871094
99.99835205078125
99.9983139038086
99.99855041503906
99.99772644042969
99.9978256225586
99.99382781982422
99.99346923828125
99.99116516113281
99.99412536621094
99.99723815917969
99.99784088134766
99.9983901977539
99.9989013671875
99.99842834472656
99.99829864501953
99.99673461914062
99.99880981445312
99.99618530273438
99.9969711303711
99.97813415527344
99.9940185546875
99.99732208251953
99.99793243408203
99.99826049804688
99.99788665771484
99.99809265136719
99.99725341796875
99.99684143066406
99.99415588378906
99.99687957763672
99.99823760986328
99.99069213867188
99.99750518798828
99.99801635742188
99.9970474243164
99.99568939208984
99.9955825805664
99.98175811767578
99.99053192138672
99.99479675292969
99.99720001220703
99.99836730957031
99.99884033203125
99.998779296875
99.99884796142578
99.99845886230469
99.99887084960938
99.9937973022461
99.9983139038086
99.99653625488281
99.9951400756836
99.99372100830078
99.99535369873047
99.99764251708984
99.99799346923828
99.99786376953125
99.99815368652344
99.99827575683594
99.99818420410156
99.986083984375
99.98768615722656
99.99327087402344
99.99668884277344
99.9980697631836
99.99813842773438
99.99874877929688
99.99889373779297
99.99906158447266
99.9991683959961
99.99897766113281
99.99913787841797
99.9979248046875
99.99900817871094
99.99901580810547
99.99786376953125
99.9897689819336
99.99429321289062
99.9972915649414
99.99766540527344
99.99835205078125
99.99786376953125
99.99860382080078
99.99882507324219
99.98052215576172
99.99124908447266
99.99668884277344
99.99783325195312
99.99861907958984
99.99886322021484
99.99917602539062
99.99903106689453
99.9991683959961
99.99869537353516
99.99922943115234
99.9943618774414
99.99872589111328
99.99529266357422
99.99718475341797
99.99749755859375
99.99826049804688
99.9983139038086
99.99874114990234
99.99893188476562
99.97948455810547
99.99040222167969
99.9953842163086
99.9968032836914
99.99855041503906
99.99886322021484
99.99900817871094
99.99918365478516
99.99937438964844
99.99839782714844
99.99806213378906
99.98148345947266
99.9932861328125
99.99647521972656
99.9972915649414
99.99853515625
99.99897003173828
99.9989013671875
99.99891662597656
99.99919128417969
99.99900817871094
99.99932861328125
99.99798583984375
99.99695587158203
99.99270629882812
99.99641418457031
99.99385833740234
99.99687957763672
99.99712371826172
99.97901153564453
99.99444580078125
99.99771118164062
99.997314453125
99.99855041503906
99.99910736083984
99.99884033203125
99.99897766113281
99.99905395507812
99.9993667602539
99.98339080810547
99.9881591796875
99.99336242675781
99.99641418457031
99.99729919433594
99.99815368652344
99.99900817871094
99.99927520751953
99.99930572509766
99.99910736083984
99.99845123291016
99.9991226196289
99.99725341796875
99.99791717529297
99.99858093261719
99.98665618896484
99.9886245727539
99.99180603027344
99.98991394042969
99.99663543701172
99.99795532226562
99.9985122680664
99.99903106689453
99.99922943115234
99.99872589111328
99.99850463867188
99.99932861328125
99.98750305175781
99.99712371826172
99.9965591430664
99.99687957763672
99.99800109863281
99.99505615234375
99.98992919921875
99.99530029296875
99.99600982666016
99.99829864501953
99.99851989746094
99.9985580444336
99.99903106689453
99.99893951416016
99.99945831298828
99.99945831298828
99.99897003173828
99.99655151367188
99.99624633789062
99.99793243408203
99.99832153320312
99.99922180175781
99.99526977539062
99.99578857421875
99.9983901977539
99.99761962890625
99.99553680419922
99.99745178222656
99.99783325195312
99.99807739257812
99.99913024902344
99.99889373779297
99.9992446899414
99.99878692626953
99.99636840820312
99.99772644042969
99.98485565185547
99.9829330444336
99.99467468261719
99.9976577758789
99.9963607788086
99.99835205078125
99.99876403808594
99.99900817871094
99.9991455078125
99.99945831298828
99.99906158447266
99.99930572509766
99.99855041503906
99.9985122680664
99.99765014648438
99.9983901977539
99.99815368652344
99.98430633544922
99.99332427978516
99.99734497070312
99.99779510498047
99.9984359741211
99.99897766113281
99.9991455078125
99.99378204345703
99.99900817871094
99.9992904663086
99.99946594238281
99.99918365478516
99.99734497070312
99.99249267578125
99.98204040527344
99.99322509765625
99.9953842163086
99.99806213378906
99.99874877929688
99.99903106689453
99.9991683959961
99.99897766113281
99.99909973144531
99.99920654296875
99.99951934814453
99.99922180175781
99.99922943115234
99.99877166748047
99.99187469482422
99.99205017089844
99.9908447265625
99.99357604980469
99.99715423583984
99.9978256225586
99.99872589111328
99.99922180175781
99.99909973144531
99.9992904663086
99.99939727783203
99.99894714355469
99.99942779541016
99.98865509033203
99.99091339111328
99.99723052978516
99.99824523925781
99.99878692626953
99.99907684326172
99.99945831298828
99.99906921386719
99.9989013671875
99.99346160888672
99.99613952636719
99.99848937988281
99.99849700927734
99.99897766113281
99.9993896484375
99.99710845947266
99.99492645263672
99.99431610107422
99.99344635009766
99.99603271484375
99.99665832519531
99.99693298339844
99.99905395507812
99.9987564086914
99.99943542480469
99.99935913085938
99.99897766113281
99.9986343383789
99.9990463256836
99.99871826171875
99.99937438964844
99.9979019165039
99.99212646484375
99.98995971679688
99.99312591552734
99.99578857421875
99.99783325195312
99.9989013671875
99.9991455078125
99.99927520751953
99.99909210205078
99.99940490722656
99.99919128417969
99.99947357177734
99.99878692626953
99.99884796142578
99.99906921386719
99.9991455078125
99.99838256835938
99.99813079833984
99.98700714111328
99.98712158203125
99.99266052246094
99.9971923828125
99.9980239868164
99.99908447265625
99.99903869628906
99.99927520751953
99.99884033203125
99.99849700927734
99.99797058105469
99.99764251708984
99.99712371826172
99.99315643310547
99.99691772460938
99.99594116210938
99.99811553955078
99.99903106689453
99.99925994873047
99.99584197998047
99.99771118164062
99.99134826660156
99.9930419921875
99.99531555175781
99.99767303466797
99.99828338623047
99.9991455078125
99.99935913085938
99.99922180175781
99.99825286865234
99.99805450439453
99.99929809570312
99.99871826171875
99.99291229248047
99.99748229980469
99.99715423583984
99.9918212890625
99.99089813232422
99.99581909179688
99.99736785888672
99.99829864501953
99.99891662597656
99.99906158447266
99.99946594238281
99.99949645996094
99.99952697753906
99.99726104736328
99.99905395507812
99.99848937988281
99.9947509765625
99.98848724365234
99.9921646118164
99.99447631835938
99.99310302734375
99.99673461914062
99.99845123291016
99.99742126464844
99.99889373779297
99.99921417236328
99.99939727783203
99.99840545654297
99.9984359741211
99.99645233154297
99.9988021850586
99.99922943115234
99.99734497070312
99.9869613647461
99.98453521728516
99.99578857421875
99.9966049194336
99.99764251708984
99.99873352050781
99.99906158447266
99.99854278564453
99.99873352050781
99.9992904663086
99.9994125366211
99.99787902832031
99.99839782714844
99.99480438232422
99.99478149414062
99.99651336669922
99.99774932861328
99.99630737304688
99.99858093261719
99.99790954589844
99.99827575683594
99.99913024902344
99.99856567382812
99.99933624267578
99.9993896484375
99.9991683959961
99.99927520751953
99.99488830566406
99.9835205078125
99.99272155761719
99.99654388427734
99.99810791015625
99.9989242553711
99.99917602539062
99.99925231933594
99.99900817871094
99.99935913085938
99.99951171875
99.99603271484375
99.9993896484375
99.9974365234375
99.99485778808594
99.98980712890625
99.99580383300781
99.9980239868164
99.99797058105469
99.99893951416016
99.9992446899414
