99.981201171875
99.98533630371094
99.9388427734375
99.96990203857422
99.95093536376953
99.95470428466797
99.94255828857422
99.95467376708984
99.91401672363281
99.94554138183594
99.92337036132812
99.96623229980469
99.92294311523438
99.9247817993164
99.92344665527344
99.93438720703125
99.92557525634766
99.90532684326172
99.92145538330078
99.91744995117188
99.9380111694336
99.89311981201172
99.92127990722656
99.91048431396484
99.93199920654297
99.94042205810547
99.91954040527344
99.91321563720703
99.91284942626953
99.94161987304688
99.9303970336914
99.9190444946289
99.92522430419922
99.93154907226562
99.92768096923828
99.91976928710938
99.94014739990234
99.93087768554688
99.92980194091797
99.93295288085938
99.94415283203125
99.94630432128906
99.94361877441406
99.94625091552734
99.93984985351562
99.9372329711914
99.94209289550781
99.94766235351562
99.95206451416016
99.95101165771484
99.95614624023438
99.95336151123047
99.9289321899414
99.94099426269531
99.94581604003906
99.95731353759766
99.95930480957031
99.95706939697266
99.95935821533203
99.95980834960938
99.94769287109375
99.94365692138672
99.9449691772461
99.95514678955078
99.9603271484375
99.9591064453125
99.96513366699219
99.96195220947266
99.9654541015625
99.9670181274414
99.94410705566406
99.95783996582031
99.96412658691406
99.96427154541016
99.97118377685547
99.97132110595703
99.96605682373047
99.9662857055664
99.95570373535156
99.95240783691406
99.97071838378906
99.9713134765625
99.97411346435547
99.97067260742188
99.9737777709961
99.97306823730469
99.97232055664062
99.94725036621094
99.9619140625
99.97211456298828
99.97210693359375
99.97724151611328
99.97927856445312
99.97630310058594
99.97864532470703
99.9674301147461
99.96173095703125
99.96353149414062
99.97480773925781
99.97374725341797
99.99320983886719
99.97277069091797
99.97362518310547
99.97399139404297
99.96776580810547
99.94905090332031
99.95132446289062
99.9368667602539
99.9478759765625
99.95769500732422
99.95132446289062
99.95063781738281
99.9322738647461
99.92020416259766
99.91077423095703
99.92361450195312
99.90165710449219
99.93540954589844
99.92232513427734
99.91133117675781
99.8979721069336
99.92730712890625
99.92112731933594
99.91918182373047
99.91790008544922
99.92626190185547
99.91378021240234
99.93311309814453
99.92213439941406
99.91264343261719
99.9280776977539
99.92301940917969
99.94265747070312
99.92385864257812
99.9281997680664
99.92791748046875
99.92620849609375
99.9343032836914
99.93617248535156
99.93572235107422
99.9454116821289
99.93802642822266
99.9302978515625
99.93946075439453
99.94010162353516
99.9451904296875
99.94939422607422
99.95247650146484
99.96083068847656
99.95415496826172
99.95894622802734
99.93913269042969
99.94995880126953
99.94930267333984
99.95832061767578
99.95889282226562
99.96114349365234
99.94273376464844
99.94639587402344
99.94274139404297
99.95244598388672
99.95947265625
99.95752716064453
99.96526336669922
99.96324920654297
99.96825408935547
99.94446563720703
99.95521545410156
99.9648208618164
99.96868133544922
99.9676742553711
99.96292877197266
99.96560668945312
99.96843719482422
99.9679183959961
99.94161987304688
99.95819854736328
99.96820831298828
99.97213745117188
99.97782897949219
99.97374725341797
99.9754409790039
99.97164154052734
99.97655487060547
99.94378662109375
99.94561767578125
99.96890258789062
99.97208404541016
99.9762191772461
99.97926330566406
99.97172546386719
99.96630096435547
99.97445678710938
99.97635650634766
99.97735595703125
99.97838592529297
99.94156646728516
99.96138000488281
99.97066497802734
99.97142028808594
