99.9793472290039
99.98007202148438
99.9834213256836
99.97161865234375
99.97978973388672
99.97132110595703
99.94480895996094
99.9644546508789
99.96836853027344
99.97731018066406
99.97686767578125
99.97998046875
99.98462677001953
99.98103332519531
99.98224639892578
99.97784423828125
99.98143005371094
99.9804458618164
99.97962188720703
99.97976684570312
99.98013305664062
99.97710418701172
99.97985076904297
99.9745864868164
99.96419525146484
99.97526550292969
99.9791488647461
99.98185729980469
99.98388671875
99.9886245727539
99.98103332519531
99.98726654052734
99.98136901855469
99.98300170898438
99.98321533203125
99.9863052368164
99.96353912353516
99.97005462646484
99.97723388671875
99.98194122314453
99.98585510253906
99.98918151855469
99.98564910888672
99.98823547363281
99.98770141601562
99.98099517822266
99.98982238769531
99.98432922363281
99.98418426513672
99.98695373535156
99.97974395751953
99.9738540649414
99.95992279052734
99.97076416015625
99.97911071777344
99.97437286376953
99.98576354980469
99.9844970703125
99.98792266845703
99.97966003417969
99.98747253417969
99.98796844482422
99.97652435302734
99.97663879394531
99.9781494140625
99.98522186279297
99.98628997802734
99.9906005859375
99.98944854736328
99.99006652832031
99.9915542602539
99.99027252197266
99.94685363769531
99.9754867553711
99.9880599975586
99.98828887939453
99.98808288574219
99.99089050292969
99.9911117553711
99.98666381835938
99.98820495605469
99.98782348632812
99.98839569091797
99.98649597167969
99.98422241210938
99.96680450439453
99.97138214111328
99.98451232910156
99.98783874511719
99.98991394042969
99.9907455444336
99.99230194091797
99.9925537109375
99.99361419677734
99.98906707763672
99.98919677734375
99.97787475585938
99.98876953125
99.96240234375
99.96537780761719
