99.9978256225586
99.95854187011719
99.92430114746094
99.94544219970703
99.9760513305664
99.95947265625
99.93231964111328
99.92205810546875
99.94625854492188
99.93246459960938
99.93368530273438
99.93920135498047
99.91333770751953
99.90097045898438
99.91725158691406
99.90371704101562
99.92535400390625
99.92522430419922
99.9092025756836
99.92047119140625
99.92589569091797
99.92198181152344
99.91111755371094
99.9124755859375
99.93099975585938
99.9276351928711
99.91094207763672
99.9136734008789
99.92613983154297
99.9208984375
99.92794036865234
99.92073822021484
99.92638397216797
99.92727661132812
99.919189453125
99.93408203125
99.93826293945312
99.93247985839844
99.93595123291016
99.93718719482422
99.94966125488281
99.94464874267578
99.94181060791016
99.93917083740234
99.932373046875
99.9446029663086
99.9482192993164
99.948486328125
99.95590209960938
99.93693542480469
99.93102264404297
99.94490814208984
99.94813537597656
99.95404815673828
99.9555435180664
99.95865631103516
99.96092224121094
99.95179748535156
99.9573745727539
99.9570083618164
99.96080017089844
99.9651107788086
99.96499633789062
99.96273803710938
99.9560317993164
99.93438720703125
99.95697784423828
99.96061706542969
99.97003936767578
99.97039794921875
99.96575927734375
99.97278594970703
99.96237182617188
99.9702377319336
99.95647430419922
99.97012329101562
99.96626281738281
99.95917510986328
99.9600830078125
99.96854400634766
99.96925354003906
99.97217559814453
99.97789001464844
99.97634887695312
99.9782943725586
99.97429656982422
99.97251892089844
99.97453308105469
99.97322082519531
99.92851257324219
99.96780395507812
99.97184753417969
99.97566223144531
99.9777603149414
99.97930908203125
99.98290252685547
99.97605895996094
99.98236846923828
99.9569091796875
99.95916748046875
