99.99667358398438
99.98139953613281
99.95401000976562
99.9314956665039
99.96012115478516
99.94338989257812
99.92510986328125
99.90958404541016
99.88771057128906
99.9475326538086
99.95467376708984
99.888671875
99.91796112060547
99.93367767333984
99.89745330810547
99.91390991210938
99.9100341796875
99.92658996582031
99.90811157226562
99.89641571044922
99.92845916748047
99.88492584228516
99.90789031982422
99.8921127319336
99.91490173339844
99.90774536132812
99.91665649414062
99.91667938232422
99.92378997802734
99.92595672607422
99.92101287841797
99.935546875
99.91426849365234
99.93489837646484
99.93896484375
99.93187713623047
99.9411392211914
99.95014953613281
99.93657684326172
99.93482208251953
99.93511199951172
99.93328094482422
99.95297241210938
99.94194793701172
99.93690490722656
99.93917083740234
99.94824981689453
99.94605255126953
99.94904327392578
99.95538330078125
99.9609603881836
99.9370346069336
99.94880676269531
99.9501724243164
99.95388793945312
99.95228576660156
99.95635223388672
99.96146392822266
99.96435546875
99.9449234008789
99.94148254394531
99.95781707763672
99.95820617675781
99.95870971679688
99.96564483642578
99.9567642211914
99.94831848144531
99.95758819580078
99.96470642089844
99.96402740478516
99.96800994873047
99.97246551513672
99.97246551513672
99.96927642822266
99.96731567382812
99.9452133178711
99.96145629882812
99.9685287475586
99.9705581665039
99.97269439697266
99.97377014160156
99.97274017333984
99.97322082519531
99.96834564208984
99.96826171875
99.97364044189453
99.97247314453125
99.94117736816406
99.97004699707031
99.97486114501953
99.97982025146484
99.9802017211914
99.97576141357422
99.97962951660156
99.9760513305664
99.98199462890625
99.97723388671875
99.96473693847656
99.96001434326172
99.96851348876953
