99.99281311035156
99.98181915283203
99.96998596191406
99.9723892211914
99.94389343261719
99.93608856201172
99.95368957519531
99.96939086914062
99.92054748535156
99.95034790039062
99.94324493408203
99.92698669433594
99.93873596191406
99.91120147705078
99.93206024169922
99.90214538574219
99.92955780029297
99.94273376464844
99.94139862060547
99.91667175292969
99.9255599975586
99.91399383544922
99.91947937011719
99.92552185058594
99.9210433959961
99.93148803710938
99.9299087524414
99.92062377929688
99.92347717285156
99.9320297241211
99.92849731445312
99.9276123046875
99.93074798583984
99.92471313476562
99.92439270019531
99.93988800048828
99.9375228881836
99.94635009765625
99.93984985351562
99.92803955078125
99.93435668945312
99.92963409423828
99.9386978149414
99.93583679199219
99.94432067871094
99.94783782958984
99.94482421875
99.95906066894531
99.94876098632812
99.9326171875
99.94405364990234
99.9413833618164
99.9473648071289
99.9469985961914
99.95008850097656
99.94853973388672
99.94742584228516
99.92586517333984
99.94562530517578
99.95137786865234
99.95205688476562
99.95571899414062
99.96290588378906
99.96113586425781
99.95308685302734
99.9359130859375
99.95872497558594
99.96125793457031
99.96160125732422
99.96495056152344
99.96548461914062
99.96443939208984
99.95467376708984
99.9580307006836
99.947509765625
99.95948791503906
99.96430206298828
99.9713363647461
99.97021484375
99.96934509277344
