99.99486541748047
99.9782943725586
99.9642105102539
99.96439361572266
99.9738998413086
99.93515014648438
99.97222137451172
99.9406967163086
99.93498992919922
99.95599365234375
99.95559692382812
99.92538452148438
99.935791015625
99.93487548828125
99.96311950683594
99.92145538330078
99.92747497558594
99.93628692626953
99.8846435546875
99.91838836669922
99.90835571289062
99.9145736694336
99.91064453125
99.92998504638672
99.92670440673828
99.9146728515625
99.92212677001953
99.94168853759766
99.91889953613281
99.91692352294922
99.93254852294922
99.9293441772461
99.90940856933594
99.9227066040039
99.92682647705078
99.921630859375
99.93546295166016
99.93034362792969
99.91357421875
99.92802429199219
99.93505096435547
99.93489074707031
99.94491577148438
99.94205474853516
99.92304229736328
99.93733215332031
99.93879699707031
99.9449462890625
99.95057678222656
99.93433380126953
99.93138122558594
99.94293975830078
99.94769287109375
99.95463562011719
99.95333862304688
99.94799041748047
99.94126892089844
99.94661712646484
99.94192504882812
99.95886993408203
99.95600891113281
99.96049499511719
99.95641326904297
99.95399475097656
99.92366790771484
99.93474578857422
99.94941711425781
99.95380401611328
99.96058654785156
99.96414947509766
99.96038055419922
99.96182250976562
99.96395874023438
99.95162200927734
99.95037841796875
99.95712280273438
99.96586608886719
99.96060180664062
99.9613265991211
99.94810485839844
