99.99197387695312
99.96072387695312
99.98021697998047
99.96233367919922
99.97622680664062
99.9620361328125
99.98094940185547
99.97191619873047
99.94867706298828
99.92569732666016
99.93582153320312
99.9449234008789
99.94206237792969
99.9517593383789
99.91134643554688
99.93966674804688
99.92731475830078
99.91744995117188
99.91458892822266
99.92692565917969
99.9254379272461
99.93888092041016
99.92327117919922
99.9157485961914
99.93094635009766
99.90990447998047
99.92010498046875
99.91970825195312
99.92243957519531
99.93374633789062
99.93412017822266
99.93951416015625
99.94219970703125
99.94325256347656
99.92493438720703
99.9254379272461
99.9404525756836
99.94009399414062
99.94013977050781
99.94359588623047
99.94668579101562
99.9417495727539
99.94261932373047
99.94186401367188
99.94176483154297
99.94693756103516
99.9461441040039
99.94729614257812
99.95509338378906
99.93716430664062
99.94572448730469
99.94561004638672
99.95342254638672
99.95630645751953
99.95427703857422
99.95701599121094
99.96478271484375
99.9634017944336
99.92998504638672
99.94674682617188
99.9494857788086
99.96117401123047
99.95537567138672
99.96268463134766
99.96463012695312
99.9441909790039
99.95782470703125
99.9598388671875
99.96710968017578
99.96641540527344
99.96602630615234
99.96977996826172
99.97249603271484
99.96139526367188
99.96870422363281
99.93953704833984
99.95355224609375
99.96170043945312
99.96484375
99.97189331054688
