99.9852523803711
99.96363830566406
99.9420394897461
99.97402954101562
99.97842407226562
99.96849060058594
99.96821594238281
99.94857788085938
99.95035552978516
99.93970489501953
99.94827270507812
99.94237518310547
99.93003845214844
99.93909454345703
99.928955078125
99.92369079589844
99.94770812988281
99.93551635742188
99.92393493652344
99.91546630859375
99.93991088867188
99.91123962402344
99.92625427246094
99.91343688964844
99.90848541259766
99.9324722290039
99.94102478027344
99.9239273071289
99.9032211303711
99.94182586669922
99.9209976196289
99.90371704101562
99.92420959472656
99.9268569946289
99.93407440185547
99.93374633789062
99.94363403320312
99.93062591552734
99.93516540527344
99.93620300292969
99.94172668457031
99.94457244873047
99.93695831298828
99.92772674560547
99.92293548583984
99.93531799316406
99.94461059570312
99.94715118408203
99.94717407226562
99.94401550292969
99.93563079833984
99.95050048828125
99.94598388671875
99.95084381103516
99.95497131347656
99.95587921142578
99.94732666015625
99.9516830444336
99.94495391845703
99.95191955566406
99.94103240966797
99.95658111572266
99.95326232910156
99.9639663696289
99.95682525634766
99.95987701416016
99.95932006835938
99.95210266113281
99.95431518554688
99.95616149902344
99.9578857421875
99.96448516845703
99.9623794555664
99.96788787841797
99.96837615966797
99.9487075805664
99.95065307617188
99.96075439453125
99.96723175048828
99.97119140625
99.97232055664062
99.97061920166016
99.96415710449219
99.9247055053711
99.94953155517578
99.96297454833984
99.96929931640625
99.97148895263672
99.97229766845703
99.97473907470703
99.96882629394531
99.97016906738281
99.94693756103516
99.95681762695312
99.96859741210938
99.97177124023438
99.97399139404297
99.97881317138672
99.97734069824219
99.97718048095703
