99.99617004394531
99.97073364257812
99.98600006103516
99.956787109375
99.94457244873047
99.98357391357422
99.95597839355469
99.96199798583984
99.95182037353516
99.96119689941406
99.9456787109375
99.93544006347656
99.93634033203125
99.93378448486328
99.91136932373047
99.9140853881836
99.92481994628906
99.92698669433594
99.9375991821289
99.94054412841797
99.93761444091797
99.92454528808594
99.91614532470703
99.9259262084961
99.91851806640625
99.91510009765625
99.92894744873047
99.91643524169922
99.93360137939453
99.93827056884766
99.92848205566406
99.9229507446289
99.92829895019531
99.93590545654297
99.93943786621094
99.94218444824219
99.94026184082031
99.94371795654297
99.9404067993164
99.94559478759766
99.93284606933594
99.93155670166016
99.94623565673828
99.94669342041016
99.94754028320312
99.94763946533203
99.95306396484375
99.95235443115234
99.94464111328125
99.94525909423828
99.95011901855469
99.95757293701172
99.96171569824219
99.95197296142578
99.93928527832031
99.9419937133789
99.9525375366211
99.95254516601562
99.96229553222656
99.96295166015625
99.9620590209961
99.96711730957031
99.96448516845703
99.95278930664062
99.95426940917969
99.95538330078125
99.95833587646484
99.96440124511719
