99.97926330566406
99.97965240478516
99.99115753173828
99.97399139404297
99.9684829711914
99.96832275390625
99.96419525146484
99.96556091308594
99.96015167236328
99.95655822753906
99.933837890625
99.95848846435547
99.94784545898438
99.94933319091797
99.94050598144531
99.9548110961914
99.94387817382812
99.93840789794922
99.93415832519531
99.94340515136719
99.9354248046875
99.95624542236328
99.93595123291016
99.95823669433594
99.92903137207031
99.93541717529297
99.93595123291016
99.94066619873047
99.94601440429688
99.94200897216797
99.95160675048828
99.94926452636719
99.94047546386719
99.94775390625
99.93549346923828
99.9400405883789
99.93440246582031
99.94441986083984
99.92933654785156
99.93106079101562
99.9555435180664
99.95718383789062
99.94536590576172
99.9416732788086
99.95008850097656
99.93978118896484
99.94218444824219
99.93312072753906
99.94314575195312
99.94808959960938
99.94210815429688
99.92635345458984
99.9447021484375
99.93058776855469
99.95460510253906
99.93527221679688
99.93630981445312
99.94918823242188
99.95084381103516
99.9454116821289
99.94600677490234
99.92576599121094
99.9442138671875
99.94346618652344
99.94996643066406
99.9382553100586
99.95345306396484
99.94818878173828
99.94656372070312
99.92585754394531
99.93866729736328
99.95616912841797
99.95540618896484
99.96308898925781
99.95922088623047
99.96161651611328
99.95655059814453
99.94578552246094
99.95681762695312
99.94674682617188
99.94973754882812
99.95030975341797
99.9572525024414
99.9625473022461
99.95328521728516
99.95938110351562
99.94959259033203
99.95660400390625
99.95497131347656
99.95311737060547
99.95735168457031
99.95842742919922
99.96111297607422
99.96200561523438
99.95654296875
99.95974731445312
99.96851348876953
99.96157836914062
99.95494842529297
99.97118377685547
