99.99462890625
99.99386596679688
99.97637939453125
99.97126770019531
99.9736099243164
99.97494506835938
99.9725570678711
99.9617691040039
99.96419525146484
99.9361801147461
99.94366455078125
99.94570922851562
99.93708038330078
99.936767578125
99.93373107910156
99.92545318603516
99.9239501953125
99.9275131225586
99.93272399902344
99.92870330810547
99.91718292236328
99.92156982421875
99.93785858154297
99.91529846191406
99.93450164794922
99.90982055664062
99.9269027709961
99.92398834228516
99.9254379272461
99.90943145751953
99.94374084472656
99.93445587158203
99.9451675415039
99.94522857666016
99.93843841552734
99.94878387451172
99.95195007324219
99.92761993408203
99.93887329101562
99.93672180175781
99.93812561035156
99.94646453857422
99.94757843017578
99.93849182128906
99.94660186767578
99.95075988769531
99.94690704345703
99.95243072509766
99.9538803100586
99.94685363769531
99.95531463623047
99.94503021240234
99.95001220703125
99.94970703125
99.95325469970703
99.95543670654297
99.9614028930664
99.95857238769531
99.95574188232422
99.95809936523438
99.95704650878906
99.96296691894531
99.96150207519531
99.95951843261719
99.96063995361328
99.96105194091797
99.965087890625
99.96636199951172
99.96910858154297
99.96723175048828
99.96842956542969
99.96656036376953
99.97076416015625
99.96749114990234
99.97390747070312
99.97477722167969
99.95408630371094
99.95657348632812
99.96611785888672
99.96952819824219
99.96846008300781
99.9682388305664
99.97372436523438
99.97615814208984
99.97412872314453
99.974853515625
99.97621154785156
99.9761962890625
99.97726440429688
99.97573852539062
99.97830963134766
99.97525024414062
99.97434997558594
99.97758483886719
99.97882080078125
99.96495056152344
99.96966552734375
99.9729232788086
99.977294921875
99.97892761230469
