99.99471282958984
99.98521423339844
99.98137664794922
99.95782470703125
99.96412658691406
99.96881103515625
99.96074676513672
99.94493865966797
99.95293426513672
99.95182037353516
99.92642211914062
99.94330596923828
99.93328094482422
99.91073608398438
99.90704345703125
99.9210205078125
99.92273712158203
99.93624114990234
99.92285919189453
99.93359375
99.91764068603516
99.92218780517578
99.92151641845703
99.9325180053711
99.9442138671875
99.93476104736328
99.92644500732422
99.91761779785156
99.92110443115234
99.92633819580078
99.93206024169922
99.93907165527344
99.94387817382812
99.92988586425781
99.9212646484375
99.92887115478516
99.9341049194336
99.93463134765625
99.9468765258789
99.94900512695312
99.96235656738281
99.94866943359375
99.94010162353516
99.94210052490234
99.94146728515625
99.94452667236328
99.9498519897461
99.95360565185547
99.95333862304688
99.95507049560547
99.95987701416016
99.97036743164062
99.94295501708984
99.95001983642578
99.9511489868164
99.9574966430664
99.95864868164062
99.96422576904297
99.96170043945312
99.96792602539062
99.95468139648438
99.9634017944336
99.97064971923828
99.97063446044922
99.9678955078125
99.96611785888672
99.97065734863281
99.94445037841797
99.9217300415039
99.96385192871094
99.96388244628906
99.96790313720703
99.9759521484375
99.97698211669922
99.97728729248047
99.97827911376953
99.97248840332031
99.96731567382812
99.97895050048828
99.97322845458984
99.9610366821289
99.96796417236328
99.9710464477539
99.97600555419922
99.98224639892578
99.97931671142578
99.98261260986328
99.97669219970703
99.97493743896484
99.9820556640625
99.97928619384766
99.97885131835938
99.9802017211914
99.97557830810547
99.9800796508789
99.9576416015625
99.96102905273438
99.9659423828125
99.97450256347656
99.98078155517578
