99.97957611083984
99.97844696044922
99.98624420166016
99.98365020751953
99.96574401855469
99.94055938720703
99.96556854248047
99.94297790527344
99.94850158691406
99.9761734008789
99.95606231689453
99.95297241210938
99.94015502929688
99.938720703125
99.94662475585938
99.91924285888672
99.93841552734375
99.93415832519531
99.94198608398438
99.89681243896484
99.9240493774414
99.90679168701172
99.90380096435547
99.92339324951172
99.90985107421875
99.9170913696289
99.90772247314453
99.92430877685547
99.92940521240234
99.92198944091797
99.90621185302734
99.92361450195312
99.92137145996094
99.93516540527344
99.93379974365234
99.94268035888672
99.93167877197266
99.9314956665039
99.93605041503906
99.92684173583984
99.94023132324219
99.92813110351562
99.93446350097656
99.92996215820312
99.94567108154297
99.93938446044922
99.94764709472656
99.9506607055664
99.94532775878906
99.95489501953125
99.93126678466797
99.9371337890625
99.9439468383789
99.95557403564453
99.95040130615234
99.96432495117188
99.95109558105469
99.9609146118164
99.95540618896484
99.94121551513672
99.93968200683594
99.9490966796875
99.95929718017578
99.96016693115234
99.96760559082031
99.9649887084961
99.96682739257812
99.94825744628906
99.95873260498047
99.95929718017578
99.96363830566406
99.97010040283203
99.96641540527344
99.97093200683594
99.96810913085938
99.96853637695312
99.93558502197266
99.95671844482422
99.96822357177734
99.96904754638672
99.97136688232422
99.97274780273438
99.97806549072266
99.9533462524414
99.94422912597656
99.96357727050781
99.96821594238281
99.9737319946289
99.97498321533203
99.97994995117188
99.97733306884766
99.95623016357422
99.95142364501953
99.96728515625
99.97149658203125
99.97819519042969
99.97562408447266
99.97600555419922
99.97960662841797
99.97650909423828
