99.98677062988281
99.99374389648438
99.97654724121094
99.96192169189453
99.97312927246094
99.95547485351562
99.97025299072266
99.94363403320312
99.92790985107422
99.91654205322266
99.95952606201172
99.94222259521484
99.94676971435547
99.91049194335938
99.92361450195312
99.94147491455078
99.90849304199219
99.91641998291016
99.9332275390625
99.94009399414062
99.91519165039062
99.92475891113281
99.9293212890625
99.92292785644531
99.92400360107422
99.90721130371094
99.9245834350586
99.93864440917969
99.9213638305664
99.92042541503906
99.93633270263672
99.93641662597656
99.94425201416016
99.93678283691406
99.93386840820312
99.93780517578125
99.94435119628906
99.93742370605469
99.93150329589844
99.93238067626953
99.93855285644531
99.95024108886719
99.95265197753906
99.95262908935547
99.95037841796875
99.94015502929688
99.94319915771484
99.9488754272461
99.95191955566406
99.94815826416016
99.95606231689453
99.95616149902344
99.96036529541016
99.96061706542969
99.94894409179688
99.9634017944336
99.9559097290039
99.94783020019531
99.94830322265625
99.95848083496094
99.96299743652344
99.96713256835938
99.96955108642578
99.96183013916016
99.96916961669922
99.96461486816406
99.96488189697266
99.96910858154297
99.95960235595703
99.97148132324219
99.97430419921875
99.97205352783203
99.9395980834961
99.95890808105469
99.96721649169922
99.96805572509766
99.97704315185547
99.9766616821289
99.97818756103516
99.97846221923828
99.96393585205078
99.96623229980469
99.97284698486328
99.97222137451172
99.9806137084961
99.97510528564453
99.97791290283203
99.98041534423828
99.97620391845703
99.97784423828125
99.9798355102539
99.94305419921875
99.96988677978516
99.97624969482422
99.97960662841797
99.98088836669922
99.98430633544922
99.98475646972656
99.98367309570312
99.98500061035156
