99.99465942382812
99.96964263916016
99.9693603515625
99.97257232666016
99.97305297851562
99.95669555664062
99.94107055664062
99.91919708251953
99.9533462524414
99.94920349121094
99.91763305664062
99.92076873779297
99.92603302001953
99.93753814697266
99.927734375
99.92703247070312
99.91478729248047
99.95347595214844
99.91576385498047
99.91862487792969
99.9297866821289
99.92113494873047
99.92379760742188
99.92821502685547
99.92208862304688
99.93193054199219
99.9374771118164
99.92887878417969
99.93486022949219
99.94048309326172
99.9349594116211
99.93721008300781
99.92889404296875
99.92579650878906
99.92979431152344
99.93614959716797
99.94062042236328
99.94635009765625
99.94989776611328
99.94194793701172
99.93260192871094
99.94287109375
99.93936157226562
99.93228149414062
99.94341278076172
99.94363403320312
99.94879150390625
99.95384979248047
99.96073913574219
99.96221923828125
99.9569320678711
99.93312072753906
99.95211029052734
99.96200561523438
99.94744110107422
99.95059967041016
99.9576187133789
99.9565658569336
99.95927429199219
99.96379852294922
99.95421600341797
99.9654541015625
99.96925354003906
99.96731567382812
99.9616470336914
99.97078704833984
99.9364013671875
99.96000671386719
99.96392822265625
99.96701049804688
99.97107696533203
99.96916961669922
99.97624969482422
99.9761734008789
99.97415924072266
99.977783203125
99.9755630493164
99.97095489501953
99.97301483154297
99.97561645507812
99.97587585449219
99.94775390625
99.95564270019531
99.96917724609375
99.97279357910156
99.97833251953125
99.98065185546875
99.97998809814453
99.98102569580078
99.98117065429688
99.97608184814453
99.98136901855469
99.9705810546875
99.97303771972656
99.98033142089844
99.97223663330078
99.98188018798828
99.97367095947266
99.98271942138672
99.93199157714844
