0.5489227175712585
2.923013687133789
9.85773754119873
9.738804817199707
14.2170991897583
19.729198455810547
22.976991653442383
25.726179122924805
32.1577262878418
31.750606536865234
32.624305725097656
30.510955810546875
43.90009689331055
46.841407775878906
47.7425537109375
48.12222671508789
52.001277923583984
51.54841995239258
62.05571365356445
57.225196838378906
59.823429107666016
68.2493896484375
66.122314453125
67.51292419433594
48.50189971923828
64.333740234375
73.0524673461914
74.60774993896484
76.97726440429688
80.083251953125
79.66698455810547
82.17830657958984
58.80792236328125
64.30171966552734
71.51091003417969
80.41718292236328
83.44540405273438
87.56690216064453
86.89447021484375
86.07108306884766
82.40702819824219
85.74630737304688
84.29166412353516
84.84515380859375
85.00983428955078
83.5460433959961
88.42230224609375
84.99153900146484
88.10667419433594
86.57884216308594
80.27537536621094
72.48067474365234
81.91757202148438
87.98316955566406
91.46424865722656
92.84571075439453
92.57124328613281
91.30414581298828
93.02410125732422
90.20172882080078
89.00782775878906
89.25940704345703
89.58419036865234
90.54937744140625
89.57962036132812
90.75980377197266
90.44874572753906
91.15319061279297
90.89702606201172
90.83299255371094
72.24280548095703
84.1727294921875
91.03883361816406
93.58675384521484
94.67545318603516
94.62055206298828
94.77608489990234
94.7577896118164
92.85942840576172
91.76158142089844
92.78166961669922
92.12296295166016
91.81648254394531
92.66273498535156
92.08636474609375
91.00224304199219
77.65884399414062
86.32267761230469
92.6535873413086
94.05333709716797
95.21522521972656
95.77787017822266
96.67901611328125
95.89222717285156
95.2701187133789
94.82640075683594
93.37175750732422
92.26934051513672
93.54100799560547
93.98472595214844
