1.9544610977172852
15.699207305908203
15.337632179260254
25.373788833618164
22.422555923461914
25.349361419677734
31.095474243164062
29.502588272094727
35.33665466308594
35.30245590209961
46.51617431640625
45.299522399902344
59.45470428466797
44.95260238647461
52.418643951416016
55.184207916259766
49.36479949951172
60.69578552246094
62.1567497253418
72.78413391113281
72.85253143310547
43.85322189331055
60.74464797973633
72.82810974121094
76.18978118896484
77.67028045654297
80.59220123291016
80.71435546875
82.13622283935547
79.11658477783203
63.53464126586914
73.72227478027344
81.0368423461914
84.58907318115234
85.61028289794922
85.36597442626953
84.88713073730469
84.00273895263672
52.276947021484375
70.1749267578125
80.59220123291016
85.40994262695312
89.37261962890625
91.5713882446289
90.6821060180664
87.7113265991211
85.81061553955078
72.47630310058594
75.87217712402344
84.69656372070312
89.69998931884766
90.78960418701172
91.89387512207031
92.57793426513672
89.62670135498047
88.29277801513672
84.99462890625
86.68034362792969
89.0696792602539
88.23902893066406
64.58516693115234
83.99296569824219
89.20648956298828
92.36782836914062
92.33362579345703
93.49164581298828
92.6414566040039
92.84178924560547
88.41981506347656
89.05502319335938
90.43291473388672
90.98504638671875
90.5404052734375
91.27333068847656
92.16749572753906
91.66911315917969
62.40105438232422
82.13622283935547
88.45890808105469
93.1789321899414
94.83533477783203
95.1724853515625
94.2880859375
94.60079956054688
92.29454040527344
92.97859954833984
88.2439193725586
80.83161926269531
87.03704071044922
92.09420776367188
94.03889465332031
94.7864761352539
96.23278045654297
95.27020263671875
93.38414764404297
90.23258209228516
90.34008026123047
91.51274871826172
72.60334777832031
86.82693481445312
