3.00077748298645
16.618637084960938
21.06948471069336
19.116233825683594
13.759663581848145
23.676868438720703
25.158960342407227
21.69159698486328
37.94428253173828
32.843875885009766
36.61314392089844
39.98902130126953
49.85133361816406
44.58625030517578
47.59617614746094
50.894283294677734
54.60866165161133
56.35149383544922
59.6724739074707
54.21527099609375
53.64347839355469
65.50935363769531
69.05448150634766
73.07991027832031
66.57060241699219
72.30684661865234
60.78404235839844
59.05493927001953
72.3754653930664
76.26366424560547
79.56635284423828
82.43904876708984
63.29994201660156
67.58154296875
76.5427017211914
81.94501495361328
84.73079681396484
86.70234680175781
85.76918029785156
84.8131332397461
71.79452514648438
59.73194122314453
69.14139556884766
81.25886535644531
85.86524200439453
87.55317687988281
87.10031127929688
87.30158996582031
87.33818054199219
83.34477233886719
67.22473907470703
74.8410415649414
84.68048095703125
87.92369842529297
91.07543182373047
91.68839263916016
89.22281646728516
86.64287567138672
58.34591293334961
77.57193756103516
87.06829833984375
89.55216979980469
90.11024475097656
91.1943588256836
91.47340393066406
90.95649719238281
86.93106079101562
78.62403106689453
66.15433502197266
82.72265625
87.92369842529297
90.23832702636719
92.51177978515625
91.40936279296875
92.78623962402344
68.084716796875
84.97781372070312
89.2182388305664
92.30135345458984
94.62512969970703
92.15955352783203
92.255615234375
92.47061157226562
89.55674743652344
60.591922760009766
85.08302307128906
89.83120727539062
92.12296295166016
92.77252197265625
93.3580322265625
91.7158432006836
93.36717987060547
91.09373474121094
90.5813980102539
89.74429321289062
66.85421752929688
81.9861831665039
88.7379379272461
92.35167694091797
93.87493896484375
