1.6513426303863525
13.485201835632324
20.031105041503906
23.544212341308594
18.402633666992188
34.293949127197266
20.97342300415039
31.98847198486328
35.529022216796875
26.67306900024414
30.75796890258789
35.37807083129883
38.84543228149414
37.075157165527344
31.407529830932617
48.11307907104492
43.63478469848633
45.91281509399414
56.735740661621094
51.68564987182617
59.44375991821289
58.387081146240234
57.23434829711914
58.91313552856445
63.72535705566406
65.22117614746094
50.91716003417969
54.590370178222656
71.42857360839844
72.94268798828125
73.43214416503906
73.94446563720703
53.0899772644043
67.89259338378906
74.40190124511719
76.26366424560547
70.77901458740234
65.47733306884766
66.42422485351562
75.19326782226562
79.42912292480469
82.10969543457031
79.6075210571289
81.16279602050781
57.47220993041992
74.76785278320312
80.27080535888672
84.02177429199219
85.3986587524414
73.83010864257812
66.13604736328125
79.1958236694336
84.07209014892578
85.26599884033203
87.08659362792969
85.55418395996094
59.2196159362793
77.15567016601562
84.69877624511719
85.99789428710938
88.60984802246094
85.49014282226562
84.52952575683594
83.73358917236328
62.686981201171875
70.9253921508789
85.25227355957031
87.5257339477539
87.79104614257812
89.29142761230469
89.34175109863281
87.32903289794922
84.69877624511719
59.878318786621094
81.76661682128906
85.45354461669922
88.67389678955078
90.20172882080078
82.66776275634766
73.62883758544922
