4.963176250457764
11.170578002929688
14.692832946777344
30.076391220092773
21.77850914001465
23.818674087524414
28.470792770385742
34.074378967285156
30.739673614501953
38.27363967895508
27.409542083740234
39.77402877807617
42.98065185546875
43.529571533203125
50.01601028442383
60.761173248291016
55.39545440673828
64.19194030761719
53.58858108520508
54.18782043457031
55.958099365234375
64.32459259033203
68.25396728515625
75.61868286132812
78.14373016357422
76.65706634521484
54.206119537353516
63.606422424316406
74.8547592163086
79.80421447753906
84.95037078857422
81.50130462646484
66.0445556640625
70.79730987548828
75.83367919921875
81.78033447265625
84.61186981201172
87.59892272949219
85.5770492553711
84.41516876220703
47.02895736694336
73.11193084716797
78.58743286132812
84.26421356201172
88.74251556396484
89.1633529663086
90.6683120727539
89.17707061767578
88.04720306396484
59.64045715332031
65.82955932617188
81.77576446533203
87.22382354736328
90.6042709350586
91.994873046875
91.94913482666016
92.0543441772461
89.18621826171875
87.14148712158203
68.21279907226562
82.33840942382812
88.69676208496094
91.88966369628906
92.75421905517578
92.49805450439453
91.04798126220703
89.94556427001953
90.0919418334961
88.56867980957031
67.69132232666016
81.94044494628906
88.32624816894531
91.81190490722656
93.8978042602539
93.9069595336914
92.28306579589844
89.79460906982422
91.27670288085938
90.1788558959961
67.68675231933594
79.7447509765625
85.37120819091797
91.18521881103516
92.78623962402344
94.96363067626953
93.96185302734375
93.957275390625
92.2052993774414
90.39385223388672
91.38648223876953
91.04341125488281
90.37097930908203
90.71863555908203
90.00503540039062
71.12666320800781
83.660400390625
88.5641098022461
92.84113311767578
93.48611450195312
94.95906066894531
