2.8955674171447754
12.012258529663086
13.489776611328125
7.122272491455078
30.867755889892578
29.527469635009766
32.02049255371094
24.760990142822266
33.66268539428711
35.108184814453125
35.117332458496094
40.66144943237305
38.65788269042969
46.11865997314453
42.82512283325195
49.613468170166016
50.20355987548828
51.96010971069336
50.92631149291992
59.068660736083984
59.741092681884766
48.31435012817383
49.42591857910156
56.644256591796875
65.59626770019531
73.92160034179688
77.59480285644531
77.39810180664062
51.55299377441406
56.47042465209961
67.21559143066406
76.67535400390625
78.93966674804688
81.88097381591797
63.56982421875
55.22163009643555
74.64434814453125
79.27816772460938
83.85252380371094
85.54045867919922
85.5633316040039
82.55340576171875
81.34120178222656
56.76776123046875
71.9637680053711
81.04386901855469
88.32167053222656
87.29244232177734
85.84236145019531
85.6502456665039
84.24591827392578
80.57270812988281
86.02991485595703
84.6255874633789
86.38671875
66.09944915771484
82.93307495117188
88.3765640258789
90.293212890625
90.50820922851562
91.61978149414062
90.47618865966797
87.84136199951172
86.05736541748047
78.42276000976562
71.9637680053711
79.96432495117188
88.67389678955078
90.46247100830078
92.07263946533203
91.15319061279297
91.11202239990234
87.12776184082031
69.4478759765625
81.23599243164062
87.27871704101562
90.50820922851562
91.2675552368164
92.01317596435547
91.44595336914062
91.6060562133789
90.14226531982422
88.71048736572266
88.47262573242188
86.90361785888672
57.59114456176758
79.75846862792969
89.37834167480469
91.50541687011719
92.21444702148438
93.6187744140625
92.6444320678711
91.42308044433594
91.31329345703125
90.6042709350586
89.95928955078125
88.82942199707031
73.3132095336914
86.9402084350586
91.09373474121094
94.0075912475586
93.87036895751953
93.5593032836914
92.54837799072266
92.49805450439453
92.26934051513672
89.09473419189453
71.67558288574219
84.18187713623047
90.41215515136719
93.48153686523438
93.6462173461914
96.00658416748047
95.10086059570312
93.74227905273438
92.84571075439453
91.6563720703125
90.67288970947266
73.88957977294922
86.10768127441406
91.07085418701172
93.20250701904297
94.44673156738281
95.2609634399414
95.4347915649414
94.68002319335938
92.5941162109375
91.7158432006836
90.11481475830078
69.88243865966797
81.90384674072266
89.34175109863281
92.72677612304688
95.07341766357422
95.1191635131836
96.09349822998047
94.73491668701172
94.41928100585938
93.25282287597656
91.39563751220703
92.05891418457031
91.10745239257812
90.89702606201172
93.37633514404297
90.42587280273438
91.98572540283203
69.26033020019531
87.89167785644531
92.04061889648438
94.5931167602539
95.658935546875
95.35245513916016
95.37989807128906
95.72755432128906
95.41648864746094
69.87786102294922
87.95571899414062
92.1092300415039
94.46045684814453
96.11180114746094
95.96541595458984
96.7979507446289
96.16668701171875
93.76515197753906
92.3150863647461
74.42477416992188
87.9648666381836
90.86959075927734
93.5684585571289
95.88765716552734
96.06147766113281
95.3707504272461
95.1100082397461
93.4723892211914
93.7560043334961
93.04240417480469
92.34710693359375
91.24925994873047
70.46338653564453
85.03270721435547
92.39742279052734
93.36260986328125
95.2335205078125
95.77787017822266
96.40913391113281
95.87850952148438
95.60861206054688
94.80810546875
92.8548583984375
94.01673889160156
93.99844360351562
90.84671020507812
84.17730712890625
89.6162109375
92.78623962402344
94.54279327392578
95.60404205322266
95.90595245361328
96.72476196289062
94.54736328125
