2.9158949851989746
8.82366943359375
24.409934997558594
25.112789154052734
31.75666046142578
37.67868423461914
32.65422439575195
32.38827896118164
32.84418487548828
34.639312744140625
36.6338996887207
36.272972106933594
41.33542251586914
49.679439544677734
43.92363739013672
52.89927291870117
47.34767532348633
58.22291946411133
53.31718826293945
47.62311935424805
64.16393280029297
58.009212493896484
67.4834976196289
66.57643127441406
73.69046020507812
60.97734451293945
57.74327087402344
66.57643127441406
73.37227630615234
79.75495147705078
80.8804702758789
82.82281494140625
54.96034622192383
68.14361572265625
70.83629608154297
80.61927032470703
81.2556381225586
85.92867279052734
85.43002319335938
83.99107360839844
57.40608596801758
71.1734848022461
82.3526611328125
86.73125457763672
89.471435546875
88.31267547607422
87.6525650024414
60.39796447753906
80.15861511230469
85.2685546875
90.01757049560547
90.75366973876953
88.58336639404297
82.53312683105469
55.49223327636719
77.21897888183594
86.8404769897461
89.36695098876953
90.5162124633789
89.76112365722656
90.08880615234375
88.25093841552734
87.15866088867188
75.41435241699219
82.9557876586914
88.1939468383789
91.5562515258789
91.42327880859375
77.44692993164062
83.56365966796875
89.68988800048828
92.8812255859375
92.65327453613281
92.3873291015625
90.91038513183594
88.87306213378906
76.5588607788086
85.28755187988281
88.80657196044922
91.40428161621094
92.38258361816406
93.7740478515625
90.64443969726562
90.04131317138672
88.74958038330078
88.3934097290039
90.07930755615234
69.055419921875
83.82010650634766
89.82286071777344
91.94567108154297
93.68380737304688
93.88327026367188
93.3751220703125
91.25231170654297
91.67972564697266
90.82965087890625
84.35674285888672
89.35746002197266
92.11663818359375
