2.292663335800171
12.85386848449707
17.58373260498047
28.448963165283203
22.21391487121582
27.691387176513672
25.956937789916992
24.45175552368164
25.90211296081543
36.60785675048828
43.97926712036133
44.74681091308594
50.91208267211914
42.99242401123047
52.23285675048828
55.91108322143555
53.25458526611328
60.13755798339844
60.002986907958984
58.507774353027344
71.37659454345703
70.2103271484375
70.57416534423828
59.59429931640625
63.19278335571289
74.4218521118164
72.84689331054688
80.93600463867188
77.35247039794922
77.35746002197266
64.14473724365234
71.13236999511719
77.77611541748047
83.44297790527344
84.89832305908203
83.5875244140625
81.454345703125
79.24142456054688
68.28648376464844
78.90251159667969
82.3066177368164
86.4483642578125
87.52491760253906
88.41207885742188
87.3255615234375
85.1923828125
83.31340026855469
70.24022674560547
80.0538330078125
85.20733642578125
89.3690185546875
90.12659454345703
90.50538635253906
86.58293151855469
88.53170013427734
89.05004119873047
88.42703247070312
88.5516357421875
74.01814270019531
85.72567749023438
90.53528594970703
92.17005157470703
92.68840026855469
91.52710723876953
91.46730041503906
90.31100463867188
89.01515197753906
89.03010559082031
88.9653091430664
73.52970123291016
87.75418090820312
90.50538635253906
92.7332534790039
94.30323028564453
95.3498764038086
91.0984878540039
91.87100982666016
89.67304992675781
91.70653533935547
90.67484283447266
91.01375579833984
89.86244201660156
91.11841583251953
90.81439208984375
90.90410614013672
91.85108184814453
76.27591705322266
87.18102264404297
92.24481201171875
93.85466766357422
94.05900573730469
94.17862701416016
93.3462905883789
94.15869140625
93.50578308105469
92.16008758544922
92.76315307617188
90.6299819946289
92.00557708740234
91.33771514892578
