1.2670966386795044
9.606148719787598
13.370842933654785
18.407209396362305
26.695941925048828
31.320615768432617
17.830839157104492
30.465211868286133
32.03879165649414
33.04972457885742
32.67919921875
34.90691375732422
29.71044158935547
33.159507751464844
36.901329040527344
30.98668670654297
36.421024322509766
41.68153381347656
48.090206146240234
48.81295394897461
46.841407775878906
48.53849411010742
52.36265563964844
49.5128288269043
54.782493591308594
53.68464660644531
57.85187911987305
59.951515197753906
59.064083099365234
67.07378387451172
62.586341857910156
66.2686996459961
55.60129928588867
68.46896362304688
65.12053680419922
68.95384216308594
72.91065979003906
59.873748779296875
68.22652435302734
71.93632507324219
79.13636016845703
76.37802124023438
78.21234130859375
56.66254806518555
69.77722930908203
75.1155014038086
79.7813491821289
80.41718292236328
60.61479568481445
72.42120361328125
79.61209106445312
81.83065795898438
82.40245056152344
82.42990112304688
59.603858947753906
69.48904418945312
79.60294342041016
82.36585998535156
83.6969985961914
85.16536712646484
84.51580047607422
67.73706817626953
75.83367919921875
80.16558837890625
83.65125274658203
86.28150939941406
86.09395599365234
86.43245697021484
66.122314453125
72.57215881347656
80.05123138427734
84.00347900390625
88.6007080078125
89.27313995361328
89.16792297363281
71.95919799804688
71.93174743652344
84.99153900146484
87.94200134277344
90.66373443603516
6.376652240753174
14.48241138458252
13.050638198852539
21.63670539855957
21.65500259399414
21.581811904907227
24.80215835571289
26.718812942504883
23.983348846435547
37.49599838256836
48.250308990478516
39.87009048461914
40.295501708984375
33.575775146484375
48.5247688293457
56.01299285888672
56.19139099121094
57.481361389160156
60.65596389770508
58.085174560546875
53.67091751098633
54.256439208984375
63.97237014770508
73.2674560546875
40.87644577026367
67.25218200683594
65.98509216308594
67.92919158935547
75.80622863769531
78.06138610839844
78.26265716552734
51.447784423828125
63.91290283203125
67.06920623779297
72.55844116210938
78.66062927246094
83.50944519042969
85.55876159667969
83.9394302368164
83.72444152832031
82.80499267578125
50.08919906616211
76.00749969482422
84.10411834716797
89.00782775878906
89.64823150634766
87.81391143798828
87.43424224853516
86.85787200927734
83.18466186523438
44.9201774597168
71.76707458496094
80.2067642211914
85.6731185913086
88.45890045166016
89.95928955078125
90.27491760253906
85.69141387939453
87.65838623046875
82.6860580444336
63.56525421142578
84.08123779296875
86.56053924560547
90.34353637695312
90.88787841796875
91.85765075683594
90.7780990600586
89.03984069824219
83.05200958251953
70.48625183105469
80.12442016601562
87.22840118408203
90.48534393310547
91.35903930664062
92.50263214111328
92.3059310913086
92.10466003417969
90.8924560546875
88.16156005859375
88.75165557861328
