8.169029235839844
13.062230110168457
29.636474609375
20.034915924072266
24.019306182861328
26.812488555908203
31.269254684448242
24.86650276184082
43.227561950683594
35.88005447387695
40.13144302368164
34.519405364990234
46.5136604309082
46.713905334472656
50.79585266113281
50.143768310546875
56.90593719482422
52.11029052734375
58.1895637512207
53.22447967529297
56.44382858276367
68.84883880615234
59.31916046142578
70.81022644042969
58.749229431152344
54.882930755615234
70.53296661376953
76.0628433227539
78.48634338378906
63.9145622253418
54.492706298828125
76.29389953613281
77.97288513183594
82.31156158447266
82.97904968261719
83.34873962402344
79.46189880371094
54.02546691894531
76.00636291503906
84.14458465576172
85.25364685058594
88.6732406616211
86.44485473632812
84.70938873291016
58.323062896728516
79.60566711425781
83.87759399414062
87.82090759277344
88.77592468261719
88.43191528320312
86.95830535888672
84.95584106445312
63.016021728515625
79.89320373535156
85.95194244384766
89.21236419677734
91.55884552001953
91.5434341430664
88.02115631103516
85.70034790039062
88.34976196289062
67.20579528808594
77.33106994628906
86.0084228515625
90.32141876220703
91.69747161865234
92.32901763916016
89.96200561523438
91.21996307373047
89.79769897460938
71.99117279052734
86.49620056152344
90.65516662597656
91.89258575439453
92.70897674560547
92.77572631835938
92.57034301757812
90.70651245117188
77.25918579101562
87.46148681640625
91.49209594726562
93.83343505859375
92.79113006591797
92.71924591064453
92.12876892089844
92.2982177734375
87.79523468017578
66.26617431640625
86.31135559082031
89.02752685546875
91.18402099609375
94.15177917480469
94.6344223022461
91.59991455078125
92.94002532958984
90.31629180908203
84.0213623046875
89.19182586669922
91.82583618164062
94.25960540771484
3.6814541816711426
17.41630744934082
19.387964248657227
17.739782333374023
23.870403289794922
25.960155487060547
32.599098205566406
39.30478286743164
36.0854377746582
34.08810806274414
32.352638244628906
39.90552520751953
45.096527099609375
54.456764221191406
50.2464599609375
58.959747314453125
57.28075408935547
54.06654357910156
63.159786224365234
67.35983276367188
70.66132354736328
49.06038284301758
60.16122817993164
70.05545806884766
76.160400390625
75.68802642822266
78.4093246459961
49.152801513671875
58.127952575683594
72.55596160888672
79.0716781616211
84.58102416992188
83.0971450805664
85.10987854003906
51.283634185791016
68.49456024169922
75.54939270019531
83.71328735351562
83.31279754638672
86.09056854248047
85.45388793945312
84.98151397705078
51.47360610961914
76.70979309082031
84.29862213134766
88.70404052734375
89.6488037109375
89.36640167236328
86.2754135131836
87.04045867919922
80.04210662841797
77.6648178100586
82.20374298095703
88.82727813720703
89.02238464355469
89.34072875976562
89.41773986816406
88.49866485595703
77.84966278076172
68.05812072753906
83.28199005126953
88.37543487548828
90.69110870361328
91.87718200683594
91.61531829833984
89.39207458496094
70.95399475097656
84.46292877197266
89.41773986816406
91.42021179199219
91.71288299560547
91.95933532714844
91.17375183105469
90.47545623779297
85.25364685058594
82.15238952636719
85.66954040527344
91.57937622070312
92.8681411743164
92.72438049316406
91.80016326904297
90.61408996582031
90.79893493652344
87.87225341796875
60.99815368652344
77.25405883789062
88.45758819580078
92.57547760009766
93.65372467041016
93.1094741821289
94.17231750488281
91.73341369628906
91.58451843261719
90.37789916992188
90.81947326660156
92.1185073852539
73.4288330078125
81.33087158203125
89.02752685546875
91.90798950195312
