8.311605453491211
11.257490158081055
16.09258460998535
25.515758514404297
31.723159790039062
32.01591873168945
28.640043258666992
26.663923263549805
37.25355529785156
29.75618553161621
38.79511260986328
36.78239822387695
30.69392967224121
45.49654769897461
36.45304489135742
45.63835144042969
44.11051559448242
50.79365539550781
45.25410461425781
48.07190704345703
59.49864959716797
51.08640670776367
55.285667419433594
52.77434539794922
57.56827163696289
63.54238510131836
66.96857452392578
70.92082214355469
31.61337661743164
57.29380798339844
71.82196044921875
74.26924896240234
76.18589782714844
76.75769805908203
53.071678161621094
52.30318832397461
71.85855865478516
75.3167724609375
79.3559341430664
77.15567016601562
79.79964447021484
77.00928497314453
42.67416763305664
62.691551208496094
75.21614074707031
83.61465454101562
83.01998901367188
85.47184753417969
81.81693267822266
80.84259796142578
51.13215637207031
68.935546875
79.86825561523438
83.16179656982422
85.27056884765625
87.51200866699219
61.80870056152344
74.98284912109375
82.88275909423828
83.82965087890625
88.2256088256836
86.37299346923828
86.99053192138672
80.61845397949219
61.950504302978516
80.71450805664062
84.66675567626953
89.10845184326172
90.5265121459961
89.529296875
87.77274322509766
58.638675689697266
74.83189392089844
82.74552917480469
88.39485931396484
88.0289077758789
89.13590240478516
89.703125
88.27134704589844
83.06573486328125
