3.542764902114868
17.514366149902344
18.093746185302734
26.19556427001953
21.389562606811523
21.460796356201172
24.29595947265625
32.80144500732422
34.815025329589844
36.57216262817383
39.61153030395508
37.70242691040039
40.45685577392578
47.689605712890625
46.516597747802734
47.19095993041992
46.872772216796875
53.383670806884766
60.03704071044922
62.297569274902344
54.43795394897461
65.50790405273438
60.46920394897461
69.85325622558594
67.79693603515625
62.197845458984375
74.26509094238281
75.34786224365234
77.4991683959961
78.77190399169922
60.75889587402344
74.26509094238281
77.10974884033203
82.86080169677734
80.88996124267578
86.07113647460938
82.31466674804688
56.404048919677734
72.05680084228516
80.35807800292969
84.44697570800781
84.25701904296875
86.64102172851562
86.64102172851562
86.81198120117188
59.84708023071289
72.67891693115234
85.0216064453125
87.74279022216797
89.34321594238281
88.31267547607422
88.75433349609375
49.72218322753906
78.52970123291016
85.99990844726562
89.41919708251953
91.96466827392578
90.92462921142578
87.69055938720703
89.33370971679688
85.17357635498047
88.91580200195312
70.77456665039062
78.92387390136719
89.16749572753906
90.81065368652344
92.41107940673828
92.83848571777344
91.35679626464844
82.61385345458984
77.28071594238281
80.96119689941406
89.06301879882812
92.1308822631836
92.9904556274414
92.59628295898438
92.87647247314453
89.26722717285156
78.74816131591797
88.23668670654297
91.87443542480469
92.06914520263672
92.94771575927734
91.9836654663086
90.66818237304688
89.28622436523438
82.8465576171875
81.0181884765625
86.29434204101562
91.793701171875
92.92871856689453
93.52234649658203
93.98300170898438
92.434814453125
92.0026626586914
91.08135223388672
82.28617095947266
86.70751190185547
91.55149841308594
93.01419830322266
