4.8625407218933105
8.142354011535645
11.316957473754883
17.474040985107422
26.30712127685547
23.19655990600586
27.560497283935547
33.48428726196289
33.141212463378906
25.355655670166016
34.82914733886719
30.273088455200195
29.463428497314453
35.373497009277344
35.908695220947266
46.56237030029297
39.5041389465332
45.615478515625
51.374595642089844
41.05027389526367
38.32395553588867
47.751705169677734
47.824893951416016
48.081058502197266
54.2793083190918
54.672706604003906
61.68062210083008
59.23333740234375
63.112388610839844
60.23054885864258
65.98051452636719
69.08192443847656
48.72146987915039
54.178672790527344
73.78436279296875
74.53456115722656
75.0057144165039
76.35057830810547
56.735740661621094
61.08595275878906
70.6966781616211
74.13658905029297
79.50688934326172
81.42811584472656
77.14651489257812
51.00407028198242
62.01912307739258
77.98819732666016
78.12999725341797
83.399658203125
80.92036437988281
80.05123138427734
64.70426940917969
68.08928680419922
80.50409698486328
83.13892364501953
85.43067932128906
85.448974609375
85.4123764038086
80.93865203857422
64.17821502685547
76.5427017211914
83.44082641601562
85.68226623535156
86.86701965332031
85.14706420898438
83.99433135986328
83.71986389160156
64.61278533935547
79.36050415039062
82.79127502441406
87.2878646850586
88.12954711914062
88.37198638916016
84.51123046875
85.88811492919922
65.98509216308594
81.24056243896484
85.54961395263672
88.1661376953125
89.96843719482422
90.4167251586914
88.05635833740234
87.411376953125
65.85243225097656
81.88555145263672
86.31809997558594
89.6162109375
90.02333068847656
89.57046508789062
87.98316955566406
66.19550323486328
73.9261703491211
85.2477035522461
89.60706329345703
88.81570434570312
90.16056060791016
90.8055419921875
91.24010467529297
87.83221435546875
88.24390411376953
86.889892578125
66.30986785888672
83.8845443725586
87.26956939697266
90.52193450927734
92.19157409667969
91.57860565185547
90.68203735351562
88.9895248413086
87.73615264892578
72.72311401367188
80.3714370727539
87.76817321777344
90.27491760253906
91.59690856933594
91.4322280883789
91.66094970703125
92.40199279785156
90.2428970336914
76.56099700927734
79.63496398925781
86.12140655517578
90.06449890136719
91.54659271240234
93.30314636230469
93.2802734375
89.81291198730469
91.2035140991211
89.19537353515625
68.26312255859375
83.68327331542969
81.07588958740234
87.4891357421875
91.17607116699219
92.19157409667969
92.23274230957031
92.81369018554688
90.39842224121094
90.86959075927734
91.13032531738281
89.59333801269531
90.05535125732422
90.59054565429688
88.9895248413086
75.64155578613281
84.59814453125
90.01875305175781
91.59690856933594
94.54279327392578
92.60326385498047
94.0075912475586
92.22816467285156
91.12117004394531
72.14674377441406
83.50944519042969
89.75801086425781
91.30872344970703
93.11102294921875
93.10186767578125
94.26375579833984
93.26654815673828
92.31965637207031
90.28406524658203
88.1386947631836
66.82219696044922
79.92772674560547
88.21188354492188
91.30414581298828
92.12296295166016
94.14025115966797
93.28941345214844
94.19513702392578
92.36540222167969
92.90974426269531
87.7132797241211
70.2987060546875
83.79305267333984
88.26677703857422
93.24824523925781
92.62613677978516
94.08078002929688
94.89959716796875
94.60225677490234
93.2436752319336
91.93083953857422
89.86322784423828
89.11302947998047
89.48355102539062
91.72499084472656
87.71785736083984
74.82273864746094
87.0134048461914
89.64823150634766
92.35625457763672
94.47418212890625
93.93898010253906
95.2335205078125
94.69374084472656
94.88129425048828
