95.03681945800781
94.8858642578125
94.14939880371094
91.72499084472656
79.38795471191406
81.23599243164062
87.88253021240234
91.63807678222656
92.4797592163086
92.99666595458984
96.18498992919922
95.21064758300781
93.57302856445312
91.0662841796875
90.08737182617188
89.4149398803711
91.65179443359375
93.27112579345703
68.03897857666016
85.13334655761719
91.45967864990234
93.38090515136719
94.30035400390625
95.2701187133789
95.96084594726562
95.41191864013672
95.24724578857422
92.70390319824219
91.52828979492188
81.82608795166016
87.96944427490234
92.6307144165039
93.52271270751953
95.50341033935547
95.95169067382812
95.45308685302734
94.68002319335938
94.35981750488281
93.05612182617188
90.4167251586914
76.43292236328125
87.13690948486328
89.81291198730469
94.03046417236328
94.97278594970703
95.30670928955078
95.00022888183594
94.07621002197266
93.02410125732422
93.44036865234375
91.66552734375
92.38827514648438
81.31375122070312
88.7150650024414
92.63986206054688
95.75041961669922
96.28104400634766
94.73949432373047
95.63606262207031
96.37711334228516
93.1567611694336
93.41293334960938
93.11102294921875
93.36717987060547
68.3088607788086
83.34019470214844
89.44696044921875
92.25103759765625
95.25181579589844
95.22437286376953
95.10086059570312
95.90595245361328
95.94254302978516
95.54000854492188
94.89959716796875
93.17963409423828
93.16133880615234
91.7432861328125
88.939208984375
91.30414581298828
75.33507537841797
84.21389770507812
91.35446166992188
94.60225677490234
94.92704010009766
95.97914123535156
95.22894287109375
96.24445343017578
94.6708755493164
94.40556335449219
94.10823059082031
93.03783416748047
93.94355773925781
90.93362426757812
80.10612487792969
87.85050964355469
92.8823013305664
95.12374114990234
96.1712646484375
96.88028717041016
