5.953567981719971
17.48089027404785
19.07610511779785
26.88600730895996
13.549826622009277
29.28357696533203
35.564735412597656
29.630157470703125
34.68641662597656
28.637895584106445
39.642974853515625
43.631011962890625
46.773963928222656
49.736507415771484
46.446372985839844
60.01993942260742
62.57418441772461
61.42525100708008
52.865211486816406
65.2566146850586
65.91653442382812
68.4470443725586
67.98176574707031
59.60214614868164
68.7271499633789
73.87836456298828
77.6764907836914
79.40464782714844
77.43436431884766
54.308502197265625
74.23443603515625
77.4486083984375
81.7879638671875
86.33622741699219
87.60385131835938
85.1065902709961
50.20652389526367
67.0702133178711
80.08355712890625
86.61634063720703
88.7385482788086
87.57061767578125
86.32198333740234
83.77249145507812
60.39975357055664
80.52509307861328
79.08180236816406
82.00161743164062
88.85723876953125
88.5771255493164
89.22755432128906
86.63058471679688
76.54654693603516
84.36119842529297
87.23828887939453
89.48867797851562
90.71356964111328
91.62037658691406
62.74510192871094
81.80696105957031
86.84423065185547
90.14385223388672
91.226318359375
91.67735290527344
90.66609954833984
89.84000396728516
86.36946105957031
86.47865295410156
67.50700378417969
81.07582092285156
88.83824920654297
91.48269653320312
93.26306915283203
92.7265853881836
94.26482391357422
89.7118148803711
89.46493530273438
83.59207916259766
89.51241302490234
92.6363754272461
93.71884155273438
93.68086242675781
92.92598724365234
89.87323760986328
62.61690902709961
84.1760482788086
90.31951904296875
92.46546173095703
94.20785522460938
92.5034408569336
93.353271484375
93.9752197265625
90.39547729492188
79.80345153808594
85.9469223022461
90.58063507080078
93.33428192138672
94.65412902832031
94.37401580810547
93.68086242675781
