2.616312265396118
9.794107437133789
16.71027183532715
11.8189058303833
20.9248104095459
27.357524871826172
23.609373092651367
30.462974548339844
34.285064697265625
39.01717758178711
48.197017669677734
38.988739013671875
47.537254333496094
51.325218200683594
54.134910583496094
55.94926452636719
61.73359298706055
62.694801330566406
64.25890350341797
52.576499938964844
57.024227142333984
56.796722412109375
69.89534759521484
67.0401611328125
72.77897644042969
69.639404296875
73.63780975341797
64.83335876464844
72.98942565917969
79.73495483398438
82.39108276367188
81.0431137084961
53.16801071166992
71.66989135742188
78.52918243408203
83.07360076904297
87.20281982421875
88.09577941894531
86.40655517578125
84.1599349975586
82.6925277709961
78.64292907714844
60.54487991333008
75.11090850830078
79.018310546875
86.12786102294922
88.68161010742188
89.43806457519531
90.31395721435547
89.432373046875
87.83983612060547
51.387779235839844
78.06278991699219
76.76600646972656
88.24934387207031
89.7281265258789
90.27413940429688
89.95563507080078
90.38220977783203
88.72142028808594
85.80366516113281
53.79365158081055
77.48265075683594
83.01103210449219
86.25299072265625
91.20691680908203
92.63451385498047
93.50472259521484
91.96337127685547
90.47889709472656
89.51200103759766
86.1506118774414
65.90262603759766
82.44226837158203
91.01922607421875
91.5709228515625
92.01456451416016
93.5843505859375
94.96643829345703
91.2467269897461
90.56990051269531
89.14230346679688
89.71675872802734
64.57172393798828
80.25252532958984
90.38790130615234
92.884765625
94.00523376464844
94.38630676269531
94.92093658447266
93.2601547241211
92.884765625
91.96906280517578
89.11955261230469
63.43988037109375
83.14753723144531
88.87498474121094
92.53213500976562
94.09054565429688
94.52281188964844
