7.767257213592529
12.058002471923828
22.25881576538086
17.25904655456543
35.03499221801758
24.12057876586914
32.98110580444336
32.46420669555664
31.970176696777344
35.46955871582031
35.227115631103516
42.1938591003418
48.61625671386719
50.949180603027344
50.02058792114258
53.32784652709961
53.227210998535156
53.4284782409668
56.566490173339844
62.32560348510742
57.62773895263672
69.786376953125
72.36631774902344
75.7696304321289
74.1640396118164
73.1530990600586
50.24473190307617
68.6473617553711
73.87127685546875
79.86825561523438
82.05023193359375
80.78312683105469
56.808929443359375
68.8852310180664
77.37523651123047
82.0182113647461
83.80677795410156
86.0390625
82.54883575439453
59.9149169921875
72.19705963134766
78.87562561035156
83.87997436523438
86.60628509521484
88.08837890625
86.92192077636719
86.4233169555664
78.8436050415039
67.0966567993164
75.4036865234375
81.95416259765625
87.75444793701172
88.96208190917969
90.02333068847656
89.05814361572266
89.14505004882812
71.75792694091797
80.83802795410156
83.09317779541016
88.76080322265625
88.36741638183594
91.36819458007812
91.74786376953125
88.852294921875
70.80188751220703
76.78514099121094
87.08659362792969
89.71684265136719
92.20986938476562
91.67009735107422
90.13311004638672
89.22738647460938
56.52989196777344
79.7950668334961
86.19001770019531
91.2904281616211
93.26197814941406
92.06349182128906
92.46603393554688
92.63528442382812
87.13233184814453
80.00091552734375
73.537353515625
85.35749053955078
90.37555694580078
91.52371978759766
92.15955352783203
93.99844360351562
93.06527709960938
91.70669555664062
90.43959045410156
88.5641098022461
71.20899963378906
76.19963073730469
87.96029663085938
90.58597564697266
93.28941345214844
94.02131652832031
93.17963409423828
94.10365295410156
