0.2734241485595703
7.470337867736816
18.72955322265625
28.533761978149414
25.838581085205078
20.184560775756836
33.802059173583984
33.07455825805664
33.46028137207031
34.539329528808594
44.49001693725586
56.96987533569336
39.348663330078125
43.56720733642578
51.325618743896484
54.513938903808594
58.74713134765625
58.60554122924805
68.13143920898438
51.26702880859375
63.32210159301758
60.47068405151367
63.35628128051758
74.24442291259766
49.16263961791992
63.058441162109375
70.61666870117188
76.79801177978516
80.12792205810547
81.69034576416016
73.77081298828125
43.04965591430664
73.84405517578125
76.64176940917969
83.16000366210938
82.10047912597656
84.64430236816406
77.4473876953125
62.7117805480957
76.14373779296875
83.0525894165039
85.4352798461914
88.0376968383789
87.11976623535156
86.90493774414062
86.89028930664062
85.59152221679688
49.86084747314453
66.26141357421875
79.77149200439453
85.86982727050781
89.29251098632812
89.38528442382812
91.75821685791016
89.5268783569336
88.39412689208984
83.54084777832031
50.55417251586914
72.9358901977539
83.38460540771484
84.17557525634766
90.86470794677734
91.26995849609375
92.82749938964844
91.29437255859375
89.25833892822266
85.93818664550781
88.11581420898438
88.16464233398438
88.53083038330078
88.18417358398438
78.21883392333984
84.80542755126953
90.4692153930664
92.5198974609375
93.22786712646484
92.72496795654297
92.16835021972656
90.10302734375
88.73101806640625
88.0621109008789
90.04443359375
90.03466033935547
76.69058990478516
81.44133758544922
90.84517669677734
93.29134368896484
94.5754623413086
95.25902557373047
94.22391510009766
91.63127136230469
91.91445922851562
91.47991180419922
89.4731674194336
87.19300842285156
91.13323974609375
91.9779281616211
89.38040161132812
75.71895599365234
87.87168884277344
