4.180961608886719
6.646539211273193
16.15205192565918
23.48931884765625
22.09871482849121
29.99405288696289
25.044599533081055
32.116554260253906
38.20044708251953
39.481266021728516
29.330772399902344
41.20122528076172
39.29829406738281
50.070899963378906
48.45615768432617
47.57330322265625
61.323822021484375
63.368553161621094
46.69502639770508
51.484375
60.33575439453125
67.3711166381836
67.98407745361328
76.43749237060547
79.04945373535156
53.442203521728516
63.112388610839844
69.11852264404297
81.07588958740234
83.35391998291016
83.32646942138672
81.64311218261719
80.82887268066406
56.07703399658203
73.5281982421875
77.10992431640625
78.78414154052734
82.17830657958984
84.94579315185547
86.10768127441406
86.67947387695312
87.67668914794922
86.6977767944336
85.3986587524414
54.49430465698242
67.35282135009766
80.00091552734375
84.91377258300781
90.10108947753906
92.58039855957031
91.39563751220703
92.4202880859375
89.48355102539062
87.67211151123047
88.45890045166016
88.77910614013672
78.95796203613281
75.2298583984375
84.30538177490234
89.11302947998047
91.6060562133789
93.08815002441406
92.68560791015625
93.08357238769531
91.55574035644531
91.2035140991211
87.81848907470703
88.5137939453125
89.45153045654297
91.08457946777344
89.43323516845703
89.58419036865234
71.37825775146484
83.68327331542969
90.32066345214844
93.55015563964844
93.60047912597656
94.55194091796875
95.02310180664062
94.14482116699219
90.2428970336914
91.45053100585938
91.17149353027344
91.73413848876953
90.21087646484375
90.80097198486328
90.18343353271484
90.71863555908203
92.22359466552734
93.06527709960938
92.66730499267578
75.16124725341797
88.29421997070312
92.14582824707031
94.42385864257812
95.94254302978516
96.9443359375
96.4594497680664
95.13745880126953
93.88408660888672
