5.477694034576416
16.407413482666016
24.416038513183594
17.968067169189453
24.374967575073242
27.727296829223633
37.65593719482422
37.9844970703125
34.28307342529297
36.82427215576172
42.9847526550293
42.77940368652344
52.35894775390625
54.787208557128906
55.403255462646484
52.13306427001953
55.51106262207031
52.65671157836914
67.80635833740234
67.3751220703125
66.14302062988281
66.72313690185547
71.22542572021484
73.97196960449219
43.698341369628906
56.512142181396484
71.49237060546875
80.06571197509766
82.64797973632812
82.66851043701172
82.13460540771484
81.4056167602539
63.247596740722656
71.58992004394531
80.95897674560547
84.91195678710938
87.73551177978516
85.33805847167969
84.59880065917969
83.75686645507812
52.928794860839844
75.10652160644531
83.22295379638672
86.23645782470703
90.34858703613281
89.59905242919922
89.59392547607422
87.70984649658203
64.8595962524414
80.72283172607422
82.52477264404297
89.42450714111328
90.88762664794922
92.01704406738281
91.34452056884766
91.55500793457031
76.4464340209961
69.28486633300781
84.10596466064453
87.70470428466797
90.64119720458984
91.83222961425781
91.2213134765625
90.65147399902344
84.5474624633789
87.9100570678711
86.5855484008789
87.83818817138672
58.596439361572266
78.35104370117188
88.06919860839844
90.24591064453125
92.7768325805664
93.62903594970703
92.76657104492188
92.46881103515625
89.86601257324219
84.89141845703125
78.34077453613281
88.69551849365234
91.45746612548828
93.06432342529297
95.33856964111328
94.09107208251953
93.41342163085938
92.28399658203125
92.41233825683594
90.84654998779297
90.384521484375
71.5488510131836
88.98814392089844
92.0324478149414
94.16807556152344
96.21643829345703
95.05107879638672
95.41557312011719
94.14754486083984
92.96165466308594
91.06217193603516
90.55392456054688
