6.63468074798584
13.799407005310059
17.81128692626953
22.010509490966797
28.974184036254883
32.09047317504883
31.295406341552734
27.30637550354004
33.246517181396484
35.713958740234375
33.29220962524414
47.06420135498047
40.507198333740234
55.49462890625
55.02855682373047
43.340187072753906
48.371028900146484
62.29380798339844
64.37285614013672
50.705963134765625
59.64358901977539
65.37354278564453
72.47429656982422
76.87914276123047
51.980812072753906
59.08613204956055
67.3063735961914
77.73360443115234
81.24742889404297
79.29631805419922
78.46926879882812
79.48823547363281
46.58441925048828
66.00411224365234
77.2903823852539
83.05689239501953
84.31802368164062
84.6744384765625
84.63330841064453
83.99359893798828
81.95110321044922
59.780670166015625
70.50491333007812
82.09732818603516
86.20973205566406
87.192138671875
89.47681427001953
87.39775848388672
87.34292602539062
81.02810668945312
61.61754608154297
75.09709930419922
82.57711029052734
88.14713287353516
89.88805389404297
90.39067840576172
90.45008087158203
87.17843627929688
86.71235656738281
64.93946075439453
79.18666076660156
86.60726928710938
90.40438842773438
91.31825256347656
91.99451446533203
91.14918518066406
90.75165557861328
87.868408203125
72.36006164550781
76.19374084472656
86.42449188232422
89.82865142822266
91.03038787841797
92.82157135009766
92.46515655517578
90.93443298339844
89.98857879638672
81.06008911132812
74.1740951538086
84.57390594482422
89.65044403076172
92.79872131347656
91.4736099243164
94.35230255126953
91.13091278076172
91.59698486328125
75.54032135009766
76.74662780761719
86.62554168701172
91.09893035888672
92.2686767578125
92.84441375732422
93.07745361328125
91.88484954833984
91.88941955566406
86.98651885986328
89.1889419555664
89.07014465332031
60.219329833984375
81.95110321044922
