0.8279584646224976
12.12204360961914
17.245323181152344
19.893875122070312
25.08576774597168
26.34829330444336
27.83953285217285
29.69214630126953
27.798362731933594
34.97552490234375
40.66144943237305
34.499794006347656
46.265037536621094
55.999267578125
56.374366760253906
65.5322265625
50.37738800048828
49.94282150268555
59.99268341064453
67.05548858642578
75.4036865234375
71.32335662841797
77.04130554199219
67.16527557373047
51.68107604980469
68.76172637939453
68.10301208496094
80.13814544677734
82.1234130859375
82.21947479248047
82.94222259521484
82.74552917480469
82.16458892822266
56.45213317871094
68.4598159790039
78.48223114013672
84.79483795166016
86.55596923828125
86.30895233154297
88.05635833740234
87.74072265625
85.8743896484375
67.30249786376953
62.924842834472656
78.642333984375
85.6731185913086
88.72421264648438
92.0909423828125
91.08000183105469
90.56310272216797
89.14962768554688
59.99725341796875
76.65706634521484
85.53131103515625
89.9638671875
91.15319061279297
92.72677612304688
92.5941162109375
91.47340393066406
89.15420532226562
88.95292663574219
88.32624816894531
89.703125
87.76817321777344
72.3388671875
84.87260437011719
90.13311004638672
92.69475555419922
94.14939880371094
93.95270538330078
93.60047912597656
93.17505645751953
92.18242645263672
89.44696044921875
90.49906158447266
91.12574768066406
91.14405059814453
91.5511703491211
91.08000183105469
91.54659271240234
70.59146118164062
78.9442367553711
89.94556427001953
92.6535873413086
94.55194091796875
95.00480651855469
95.34788513183594
95.35245513916016
94.22716522216797
93.34431457519531
94.19056701660156
90.59054565429688
91.3270263671875
93.5821762084961
93.3077163696289
93.1567611694336
93.696533203125
66.41964721679688
82.15543365478516
88.85687255859375
