3.841229200363159
12.01984691619873
20.161117553710938
21.516218185424805
8.9682035446167
30.436405181884766
23.538198471069336
28.857234954833984
28.537134170532227
30.12697410583496
33.877506256103516
40.855743408203125
51.051002502441406
43.80601501464844
42.493595123291016
56.02859878540039
61.17690658569336
56.711483001708984
67.5576171875
69.29684448242188
65.97844696044922
72.41250610351562
71.89501190185547
56.57810592651367
57.3676872253418
70.79598999023438
78.87857818603516
81.04460144042969
83.6160888671875
81.94088745117188
80.34037017822266
54.58279800415039
57.98655700683594
74.72257995605469
82.97055053710938
86.48634338378906
86.24626159667969
85.26995086669922
86.26760864257812
84.35765838623047
82.87451934814453
82.14895629882812
54.84421920776367
78.23836517333984
83.69078063964844
87.06786346435547
90.31690216064453
91.1705093383789
87.9161376953125
88.63102722167969
85.72342681884766
86.39564514160156
85.89949035644531
87.06786346435547
87.0998764038086
88.33226776123047
52.04865264892578
75.2134017944336
86.17691040039062
90.21019744873047
91.91741180419922
92.9043960571289
92.883056640625
90.91976165771484
90.56231689453125
89.1645278930664
86.73709106445312
89.20721435546875
89.68736267089844
89.08984375
92.76034545898438
90.52496337890625
89.60200500488281
89.97012329101562
90.00212860107422
91.48527526855469
60.419334411621094
79.97225189208984
88.39628601074219
92.70166015625
93.1391372680664
94.39286804199219
94.46755981445312
94.91570281982422
93.81134796142578
93.65129852294922
92.4349136352539
91.84806060791016
91.68267059326172
92.31220245361328
92.56829071044922
92.38156127929688
92.40290832519531
91.27720642089844
91.95476531982422
92.33888244628906
62.70273208618164
82.06892395019531
89.73004913330078
93.40055847167969
