12.901334762573242
17.749109268188477
22.27923583984375
26.604116439819336
28.641939163208008
36.509796142578125
35.1610221862793
39.81332015991211
38.91413879394531
47.56389617919922
52.51918029785156
59.5611572265625
61.09074783325195
56.85383224487305
52.62669372558594
61.18360137939453
75.4728012084961
76.60655975341797
77.29071807861328
43.493133544921875
67.5023193359375
70.15100860595703
77.38845825195312
82.77867126464844
83.91731262207031
80.71641540527344
53.43791198730469
57.127498626708984
76.4404067993164
82.9203872680664
87.26481628417969
88.91169738769531
85.4713363647461
87.40653991699219
67.51209259033203
78.95713806152344
86.14083862304688
88.17866516113281
88.33015441894531
88.83350372314453
89.12671661376953
88.60382080078125
84.02482604980469
69.62810516357422
82.2313461303711
88.48653411865234
89.48834228515625
90.96907043457031
91.95133209228516
89.86952209472656
62.34667205810547
84.11767578125
88.32038116455078
92.3324966430664
93.12905883789062
92.44001770019531
90.50970458984375
88.0613784790039
88.81395721435547
65.69417572021484
86.3265380859375
91.43331909179688
93.5542221069336
93.8523178100586
91.70209503173828
91.54083251953125
91.89756774902344
90.35332489013672
91.8829116821289
90.40707397460938
91.86824798583984
78.53687286376953
89.57630920410156
92.98246002197266
93.76924133300781
93.05087280273438
95.15711212158203
93.27566528320312
93.0557632446289
92.59639739990234
90.75404357910156
91.41866302490234
66.31969451904297
85.70101928710938
91.63856506347656
92.12236785888672
91.19386291503906
94.79059600830078
95.78263092041016
94.92254638671875
93.6763916015625
91.78517150878906
90.71495056152344
76.0005874633789
86.766357421875
91.57015228271484
94.93231964111328
95.20597839355469
95.9976577758789
96.78932189941406
