6.477288246154785
12.908832550048828
12.533736228942871
12.826495170593262
25.122365951538086
29.865970611572266
25.46544075012207
30.538400650024414
28.287818908691406
22.84433364868164
29.641828536987305
28.383880615234375
34.22533416748047
39.325740814208984
38.05864334106445
48.5247688293457
44.36668014526367
46.27418899536133
51.603309631347656
59.873748779296875
48.808380126953125
55.89405822753906
68.22652435302734
55.71108627319336
74.26010131835938
74.31041717529297
75.31219482421875
50.336219787597656
54.77334213256836
68.48268127441406
77.23342895507812
79.56635284423828
83.11605072021484
79.7813491821289
77.55363464355469
45.793880462646484
67.88802337646484
76.55642700195312
81.99533081054688
84.4837875366211
83.50487518310547
85.12419128417969
82.26522064208984
65.8707275390625
73.6425552368164
83.72444152832031
83.87997436523438
87.12318420410156
85.3895034790039
85.9521484375
54.98833465576172
74.2921142578125
82.20117950439453
88.01976013183594
90.18343353271484
87.82306671142578
89.75801086425781
86.1259765625
81.22684478759766
68.8852310180664
78.2672348022461
84.14985656738281
89.29142761230469
90.1880111694336
90.6683120727539
91.56488800048828
88.69219207763672
71.57038116455078
82.26979064941406
86.34097290039062
91.72956085205078
91.59690856933594
90.6774673461914
91.0068130493164
90.65916442871094
88.26219940185547
57.17488098144531
83.85709381103516
86.00704956054688
91.15776824951172
91.34989166259766
92.13668060302734
91.7707290649414
63.77567672729492
77.53076171875
88.57325744628906
90.34353637695312
92.11380767822266
93.34431457519531
92.19157409667969
91.97657775878906
76.5335464477539
74.1777572631836
87.29701232910156
90.02790832519531
92.29678344726562
93.57760620117188
92.97378540039062
93.60047912597656
91.93540954589844
