5.035863876342773
23.874279022216797
15.989240646362305
25.488143920898438
20.118549346923828
31.96851921081543
37.84120559692383
33.861328125
39.186092376708984
43.10121536254883
47.30025863647461
51.70352554321289
53.02849578857422
57.302249908447266
57.53636169433594
63.61327362060547
62.63697814941406
52.879058837890625
62.18370056152344
70.44232177734375
65.68539428710938
71.74237823486328
74.29766845703125
77.43574523925781
78.51663970947266
56.01713562011719
65.9593505859375
69.85455322265625
81.52022552490234
83.00956726074219
83.0693359375
70.19326782226562
78.30245208740234
80.33971405029297
85.43534088134766
84.6583023071289
84.43912506103516
84.8874282836914
85.46025085449219
81.27117156982422
83.87128448486328
73.3612289428711
73.78462219238281
81.002197265625
86.21238708496094
89.52978515625
89.21598052978516
90.06275939941406
90.24208068847656
87.99562072753906
88.9171142578125
86.23231506347656
86.79518127441406
69.11735534667969
83.23869323730469
88.97689056396484
91.1685562133789
91.63677978515625
92.09005737304688
90.12751770019531
89.56465911865234
88.9370346069336
88.01055908203125
88.97689056396484
88.95198059082031
90.3516616821289
88.54851531982422
90.98426055908203
74.36740112304688
84.05558776855469
89.13628387451172
92.05519104003906
92.91691589355469
92.68778228759766
92.93683624267578
92.314208984375
91.43255615234375
90.7352066040039
67.50348663330078
81.11177825927734
88.82745361328125
91.87586975097656
92.88204956054688
94.07750701904297
94.03765869140625
92.5234146118164
92.47360229492188
91.07392120361328
91.1436538696289
91.88583374023438
91.48236846923828
92.86212158203125
92.47857666015625
90.5558853149414
76.98246765136719
85.35565185546875
90.9394302368164
92.66786193847656
94.30165100097656
94.3365249633789
