4.5225629806518555
11.897282600402832
23.59511375427246
28.551483154296875
21.35626983642578
30.29668426513672
27.304912567138672
37.14784240722656
39.536277770996094
43.216156005859375
48.79082489013672
51.119422912597656
47.93318557739258
55.90127182006836
52.67015838623047
62.48317337036133
63.09648895263672
52.610321044921875
58.962852478027344
64.77686309814453
66.12316131591797
70.75542449951172
76.06082916259766
78.80329132080078
75.2530517578125
72.01695251464844
46.39242172241211
63.360755920410156
74.68960571289062
80.66317749023438
84.1236572265625
82.98180389404297
84.39790344238281
83.94415283203125
81.65045928955078
80.8576431274414
64.976318359375
76.83869934082031
84.04886627197266
86.1480941772461
87.91822052001953
88.21739959716797
87.14535522460938
85.03116607666016
87.7636489868164
83.98902893066406
87.16030883789062
86.30765533447266
86.4871597290039
86.18798065185547
87.77362060546875
87.98802947998047
74.88407135009766
79.86038208007812
88.16255187988281
91.04463195800781
91.4634780883789
93.0341567993164
92.19147491455078
90.25679016113281
90.25679016113281
90.48616027832031
90.07728576660156
88.08277130126953
88.0777816772461
89.69833374023438
91.2341079711914
91.0047378540039
77.0880126953125
82.80229187011719
90.24183654785156
92.77985382080078
94.67464447021484
94.41036987304688
94.18598937988281
92.22138977050781
92.73497772216797
90.83021545410156
91.26901245117188
91.45350646972656
91.36375427246094
91.73273468017578
92.54549407958984
92.81974792480469
63.575164794921875
83.83445739746094
89.41909790039062
92.97930908203125
93.82199096679688
96.19047546386719
94.76937866210938
95.21815490722656
94.47518920898438
93.52281188964844
90.06232452392578
90.47618865966797
91.5482406616211
74.2657699584961
85.55970764160156
90.91996765136719
