2.3786652088165283
11.961941719055176
20.84076690673828
24.143451690673828
32.77526092529297
26.76913070678711
30.46063804626465
34.815425872802734
40.02104187011719
37.51429748535156
36.71835708618164
41.361328125
47.38117980957031
48.053611755371094
44.0693473815918
54.800785064697266
57.56827163696289
45.03453826904297
64.62193298339844
67.34825134277344
76.13558197021484
74.04052734375
42.838844299316406
60.61936569213867
73.77064514160156
73.36809539794922
79.48858642578125
81.64311218261719
77.21055603027344
77.64969635009766
44.73263168334961
62.22496795654297
73.67000579833984
81.36407470703125
85.7371597290039
83.78848266601562
86.16714477539062
84.50208282470703
84.75366973876953
45.867069244384766
71.04889678955078
85.76460266113281
87.4616928100586
88.25762939453125
88.80197143554688
88.765380859375
87.96029663085938
86.84415435791016
57.38987350463867
77.0184326171875
85.2843017578125
88.62358093261719
89.88610076904297
91.70211791992188
89.85408020019531
88.97122955322266
53.44677734375
76.55184936523438
85.3346176147461
89.9821548461914
92.65815734863281
92.42486572265625
91.66552734375
91.41393280029297
89.52471923828125
86.13055419921875
89.43781280517578
71.72132873535156
83.35848999023438
90.25204467773438
92.37911987304688
92.68560791015625
94.10365295410156
93.7560043334961
92.4797592163086
63.446319580078125
77.86011505126953
87.7132797241211
92.49347686767578
93.9069595336914
93.60962677001953
93.10186767578125
91.82105255126953
88.86602020263672
92.1412582397461
59.878318786621094
83.29444885253906
89.13133239746094
92.690185546875
93.90238189697266
93.63249206542969
94.08078002929688
94.63885498046875
59.30652618408203
83.18923950195312
89.1404800415039
93.18421173095703
93.7331314086914
95.04597473144531
95.29298400878906
93.60504913330078
92.12753295898438
84.46548461914062
80.3943099975586
88.49549102783203
92.39742279052734
93.94355773925781
95.1191635131836
95.61776733398438
93.9069595336914
94.63885498046875
92.6535873413086
92.42486572265625
91.94913482666016
92.20072174072266
92.88687896728516
81.59278869628906
89.50643157958984
92.39742279052734
94.14482116699219
95.15117645263672
95.67723083496094
95.9105224609375
95.28841400146484
93.783447265625
92.62156677246094
93.34431457519531
91.96285247802734
92.49347686767578
92.71762084960938
92.79996490478516
93.193359375
93.70568084716797
91.81648254394531
68.24481964111328
88.5137939453125
92.15040588378906
94.22716522216797
96.5692367553711
95.75956726074219
95.85105895996094
96.55550384521484
95.99744415283203
95.76414489746094
66.383056640625
89.10845184326172
91.77530670166016
94.14025115966797
95.59032440185547
96.93060302734375
96.41371154785156
96.2490234375
95.4347915649414
94.1219482421875
76.593017578125
85.81949615478516
87.63551330566406
92.97378540039062
95.41648864746094
96.18955993652344
96.7705078125
96.94890594482422
95.93339538574219
92.37454223632812
95.56744384765625
95.1466064453125
94.68460083007812
94.45130920410156
93.36717987060547
92.12753295898438
80.30282592773438
90.16056060791016
93.25282287597656
95.25181579589844
96.61040496826172
96.83911895751953
97.17762756347656
94.41928100585938
95.23809814453125
95.1466064453125
94.89959716796875
95.11458587646484
92.9051742553711
91.7432861328125
91.70669555664062
93.59132385253906
93.16133880615234
91.9171142578125
92.97836303710938
95.39362335205078
94.87671661376953
96.40455627441406
94.11737823486328
84.04464721679688
89.89524841308594
94.40099334716797
95.0962905883789
96.70188903808594
97.42920684814453
97.95069122314453
96.01116180419922
96.1346664428711
95.86478424072266
96.13009643554688
94.5931167602539
92.83655548095703
93.93898010253906
66.96857452392578
86.36384582519531
92.08636474609375
94.25918579101562
94.64800262451172
96.50061798095703
96.81624603271484
97.20049285888672
96.45487976074219
96.2307357788086
95.72755432128906
96.06147766113281
95.09172058105469
95.18777465820312
73.72489929199219
89.29142761230469
93.7331314086914
95.15117645263672
96.37711334228516
97.74026489257812
97.31484985351562
97.42463684082031
97.00836944580078
96.60582733154297
92.58954620361328
72.41205596923828
85.9018325805664
92.342529296875
94.32322692871094
95.68180847167969
96.07063293457031
97.25996398925781
97.1593246459961
97.40634155273438
97.5847396850586
95.86935424804688
96.45030212402344
94.08992767333984
95.41191864013672
95.28841400146484
94.65257263183594
81.84895324707031
90.34810638427734
93.29399108886719
95.96084594726562
96.29934692382812
95.81446838378906
97.01751708984375
97.13645935058594
96.55550384521484
97.54814147949219
95.27469635009766
89.89067077636719
81.2725830078125
90.74607849121094
94.66630554199219
94.89959716796875
96.18498992919922
96.97634887695312
97.47496032714844
96.61497497558594
96.70645904541016
97.30570220947266
97.22794342041016
94.131103515625
93.34888458251953
93.1338882446289
73.19427490234375
85.74173736572266
92.38827514648438
94.46045684814453
96.41828155517578
96.86199188232422
97.21421813964844
97.19591522216797
96.9443359375
96.11637115478516
95.81446838378906
95.41648864746094
73.3132095336914
89.46983337402344
93.48153686523438
95.82361602783203
96.65157318115234
97.73568725585938
96.04318237304688
97.35601806640625
96.83454895019531
96.78422546386719
96.3450927734375
96.6744384765625
96.52349090576172
96.0843505859375
