0.45743560791015625
3.220346450805664
7.9822516441345215
15.45217514038086
20.55715560913086
20.767576217651367
21.261606216430664
28.60802459716797
31.348060607910156
39.522438049316406
32.853023529052734
32.5145263671875
42.62385177612305
41.073143005371094
48.80380630493164
48.1862678527832
62.80133819580078
53.46050262451172
54.53547286987305
55.58757781982422
61.33754348754883
60.715431213378906
61.88646697998047
67.2064437866211
69.09107208251953
73.29033660888672
72.8786392211914
57.10626220703125
63.533233642578125
73.50990295410156
80.91578674316406
82.06394958496094
81.26343536376953
82.69979095458984
84.0858154296875
82.32926177978516
85.32546997070312
80.91578674316406
58.06230163574219
72.3891830444336
81.02099609375
84.72164916992188
89.41951751708984
90.36640167236328
88.5503921508789
86.36841583251953
87.45254516601562
87.23297119140625
85.75545501708984
86.32267761230469
86.2998046875
87.26956939697266
88.82942199707031
68.75257873535156
84.0354995727539
87.54859924316406
90.6042709350586
91.9674301147461
93.13846588134766
92.26476287841797
92.74507141113281
89.70769500732422
89.9638671875
89.25940704345703
89.57962036132812
91.0068130493164
73.2491683959961
84.83143615722656
89.62993621826172
92.72677612304688
93.6782455444336
95.67266082763672
94.16311645507812
95.15575408935547
93.02410125732422
92.17784881591797
90.86959075927734
91.89881896972656
91.34074401855469
91.24010467529297
92.04519653320312
91.02511596679688
90.99766540527344
75.91143798828125
84.55697631835938
90.68203735351562
94.23173522949219
95.82818603515625
96.51433563232422
96.1346664428711
96.26732635498047
95.05512237548828
92.88687896728516
93.01953125
92.41571807861328
93.28484344482422
93.62334442138672
93.50898742675781
93.36260986328125
92.68560791015625
92.44316101074219
93.96642303466797
85.11504364013672
85.17908477783203
91.66552734375
94.48332977294922
96.52349090576172
96.66986846923828
97.52984619140625
97.3971939086914
96.84369659423828
95.89680480957031
94.62970733642578
94.04875946044922
90.22917938232422
94.03961181640625
93.89323425292969
94.61140441894531
95.09172058105469
94.71662139892578
95.96084594726562
93.98472595214844
89.61164093017578
86.74808502197266
91.9445571899414
95.81446838378906
96.43657684326172
95.47595977783203
97.74942016601562
96.88028717041016
97.52527618408203
96.59210205078125
97.26453399658203
95.66351318359375
94.35523986816406
96.24445343017578
96.30392456054688
96.82539367675781
96.66529083251953
96.26275634765625
96.36338806152344
95.29756164550781
94.22258758544922
95.48968505859375
94.02589416503906
94.9224624633789
96.31764221191406
96.9626235961914
96.09349822998047
68.43694305419922
90.43502044677734
93.52729034423828
96.68359375
97.58016204833984
98.03759765625
98.29833984375
98.5224838256836
98.42184448242188
97.37889099121094
96.63327026367188
95.9105224609375
94.87671661376953
96.59210205078125
89.31887817382812
88.09295654296875
88.27592468261719
94.74864196777344
97.34687042236328
98.0741958618164
98.3257827758789
98.54078674316406
97.27825164794922
97.76313781738281
96.78880310058594
96.88943481445312
96.50518798828125
97.77686309814453
95.68180847167969
95.53543090820312
96.33136749267578
97.19591522216797
96.0843505859375
96.2581787109375
95.96541595458984
96.25360107421875
96.11637115478516
76.89949798583984
92.1412582397461
95.01852416992188
97.3331527709961
98.39897918701172
98.34407806396484
98.35323333740234
98.30290985107422
98.27546691894531
98.11994171142578
93.01038360595703
82.47564697265625
92.77252197265625
96.21243286132812
98.57279968261719
98.4355697631836
98.35323333740234
98.31206512451172
98.02845001220703
98.1519546508789
97.32857513427734
98.09249877929688
97.20049285888672
83.10690307617188
89.56131744384766
93.21623229980469
95.2609634399414
98.29376220703125
97.68080139160156
98.57279968261719
98.45844268798828
98.28461456298828
98.77864837646484
97.96898651123047
97.44293975830078
97.43378448486328
97.71282196044922
95.75499725341797
96.61040496826172
97.54357147216797
97.3331527709961
96.77964782714844
96.32678985595703
95.24724578857422
96.44572448730469
97.19591522216797
97.55271911621094
97.186767578125
97.70367431640625
95.05512237548828
95.5445785522461
93.92982482910156
95.24266815185547
96.5966796875
97.50240325927734
98.52705383300781
97.41091918945312
97.63963317871094
97.81803131103516
97.708251953125
96.90316009521484
97.58931732177734
97.16847229003906
97.50240325927734
97.15474700927734
96.69274139404297
97.6487808227539
95.87393188476562
89.36919403076172
93.0790023803711
95.85563659667969
97.25996398925781
97.6716537475586
98.64141082763672
98.46759033203125
97.4978256225586
98.57737731933594
99.13544464111328
98.33950805664062
86.4370346069336
88.68761444091797
94.55194091796875
97.21421813964844
98.31664276123047
98.49503326416016
98.86555480957031
98.61396789550781
98.0741958618164
98.25717163085938
98.17483520507812
98.39440155029297
98.22972106933594
97.447509765625
97.90037536621094
98.14738464355469
97.79058837890625
95.90137481689453
96.45030212402344
97.54357147216797
97.8729248046875
97.46122741699219
96.29476928710938
97.52527618408203
90.0919418334961
93.90238189697266
95.73213195800781
97.447509765625
98.27088928222656
98.70088195800781
98.74205017089844
98.9478988647461
98.56822204589844
98.50418853759766
97.32400512695312
