0.23980815708637238
8.446576118469238
9.992006301879883
14.233946800231934
19.259258270263672
18.049560546875
25.275779724121094
27.60991096496582
35.48627853393555
39.68025588989258
37.27151870727539
38.43325424194336
43.75166702270508
42.078338623046875
43.31468200683594
54.16466522216797
53.370635986328125
59.62696838378906
47.31681442260742
59.36583709716797
58.81694412231445
49.19264602661133
63.68238830566406
64.16200256347656
66.16040802001953
67.12496948242188
63.77298355102539
66.52278137207031
66.6719970703125
48.958168029785156
61.342926025390625
71.857177734375
76.89848327636719
80.38369750976562
74.29256439208984
77.96429443359375
77.42073059082031
77.04236602783203
76.85585021972656
49.40580749511719
68.3719711303711
73.4186019897461
80.36770629882812
83.69304656982422
83.63975524902344
81.5454330444336
81.80654907226562
81.6999740600586
79.71222686767578
82.0090560913086
62.259525299072266
74.03144073486328
81.40687561035156
84.01278686523438
85.97389221191406
87.11431121826172
86.52810668945312
86.36824035644531
84.6096420288086
84.25259399414062
83.07487487792969
84.83879852294922
83.72501373291016
83.79429626464844
85.2597885131836
86.84252166748047
87.02904510498047
84.19931030273438
87.58859252929688
57.0263786315918
78.2840347290039
86.8265380859375
88.65973663330078
90.38102722167969
91.52677917480469
91.32427215576172
91.04716491699219
88.3772964477539
87.81241607666016
84.90807342529297
88.65441131591797
88.08419799804688
88.41460418701172
88.18545532226562
89.56568145751953
88.69171142578125
90.60485076904297
90.04529571533203
88.61710357666016
70.56755065917969
83.45856475830078
88.90487670898438
90.51425170898438
92.57127380371094
94.40980529785156
92.043701171875
91.15373992919922
91.052490234375
90.08259582519531
89.93338775634766
