2.877269983291626
10.630803108215332
20.904808044433594
23.960477828979492
22.633914947509766
20.56630516052246
27.80293846130371
29.166093826293945
35.277435302734375
44.25689697265625
32.74324417114258
46.37024688720703
43.200218200683594
43.410640716552734
48.44243240356445
46.15525436401367
53.47879409790039
60.848087310791016
61.85444641113281
61.955081939697266
55.230777740478516
71.38740539550781
64.20108795166016
68.9950180053711
65.82498168945312
52.2665901184082
60.925846099853516
74.24637603759766
81.31832885742188
79.87740325927734
64.22853088378906
59.6541748046875
70.7515640258789
77.61767578125
83.01541900634766
82.64031982421875
83.37678527832031
83.69242095947266
78.13457489013672
59.24248504638672
75.6278305053711
81.39608764648438
85.08760070800781
87.68125915527344
88.96665954589844
87.40679931640625
54.265586853027344
72.2016372680664
76.61589050292969
84.41974639892578
87.82764434814453
90.43959045410156
89.52471923828125
89.16792297363281
87.48456573486328
87.87338256835938
60.53245544433594
71.53836059570312
80.80599975585938
85.97959899902344
88.82942199707031
89.40579223632812
91.67924499511719
91.06170654296875
90.41215515136719
86.0116195678711
86.40501403808594
87.8642349243164
86.62001037597656
71.16326141357422
83.95773315429688
89.13590240478516
91.79817962646484
91.36361694335938
93.46324920654297
92.690185546875
89.04441833496094
72.20620727539062
84.43803405761719
91.03426361083984
92.23274230957031
93.47696685791016
92.69932556152344
92.255615234375
91.48255157470703
89.16792297363281
88.7287826538086
89.88610076904297
89.5018539428711
89.17250061035156
90.22003173828125
73.03874206542969
84.0858154296875
89.85865020751953
93.27112579345703
94.9224624633789
94.47875213623047
94.43758392333984
93.7560043334961
92.35625457763672