2.08036470413208
12.453690528869629
24.142681121826172
30.255531311035156
20.646907806396484
28.274911880493164
32.226654052734375
41.49330139160156
33.79880142211914
31.176971435546875
28.811628341674805
45.183815002441406
42.63798141479492
37.945281982421875
61.02403259277344
52.08036422729492
57.38102340698242
46.89845275878906
60.85779571533203
59.589622497558594
53.752254486083984
58.80592346191406
62.22095489501953
73.95744323730469
76.22779846191406
72.7272720336914
60.67730712890625
65.96371459960938
74.96912384033203
78.55514526367188
81.89892578125
48.28061294555664
71.86283111572266
74.79813385009766
78.66913604736328
85.33295440673828
84.70124816894531
78.92086791992188
67.40287017822266
74.20917510986328
82.38814544677734
87.15208435058594
86.46337890625
87.03334045410156
61.95497512817383
80.1272964477539
82.19815826416016
87.48931121826172
89.94015502929688
89.35594177246094
86.69611358642578
73.36848449707031
77.73819732666016
85.65593719482422
90.57661437988281
91.02307891845703
90.45311737060547
86.2021484375
88.81922912597656
55.45264434814453
79.4765853881836
85.63693237304688
90.77134704589844
91.82102966308594
93.09870147705078
88.30150604248047
72.21905517578125
85.00997161865234
90.11589050292969
91.68328857421875
92.54298400878906
91.40780639648438
90.11114501953125
90.97084045410156
86.6296157836914
78.6976318359375
85.53718566894531
91.28907012939453
93.29818725585938
92.53348541259766
93.9773941040039
91.0895767211914
89.49842834472656
89.85940551757812
89.4461898803711
91.08483123779297
91.41255950927734
81.18172454833984
87.96903228759766
92.1725082397461
94.6470947265625
95.30255889892578
93.83965301513672
93.69241333007812
92.17726135253906
91.1418228149414
90.41986846923828
82.45464324951172
82.76336669921875
88.60074615478516
