5.814006328582764
20.259822845458984
20.730981826782227
25.547779083251953
19.12080955505371
26.933809280395508
26.192764282226562
32.82558059692383
37.244407653808594
43.84977722167969
39.106170654296875
42.22130584716797
43.42893600463867
53.68006896972656
54.36622619628906
54.14665222167969
63.59727478027344
51.969261169433594
61.94135665893555
54.71844482421875
52.1019172668457
54.73674392700195
69.7086181640625
67.71419525146484
66.82676696777344
68.38204956054688
67.81025695800781
73.56021881103516
80.07868194580078
80.43547821044922
79.53890228271484
49.6363410949707
68.18077850341797
71.19070434570312
81.77576446533203
82.9239273071289
85.22940063476562
86.08023834228516
83.4499740600586
50.77992630004883
64.80033111572266
76.50611114501953
84.03092193603516
85.73258209228516
88.99409484863281
89.41036224365234
88.95750427246094
86.43245697021484
64.54873657226562
73.04331970214844
81.62480926513672
87.50286102294922
90.42587280273438
89.59791564941406
89.15420532226562
89.74886322021484
86.0756607055664
58.04400634765625
79.82708740234375
85.0601577758789
90.32066345214844
92.73135375976562
91.5191421508789
90.96107482910156
90.83299255371094
88.50921630859375
72.79630279541016
82.00447845458984
86.57884216308594
90.467041015625
92.44316101074219
92.44773864746094
89.72599792480469
73.85298156738281
85.70513916015625
88.06550598144531
90.6683120727539
92.49347686767578
93.26654815673828
92.58039855957031
90.73693084716797
90.1880111694336
88.76080322265625
88.41315460205078
65.4544677734375
82.2469253540039
88.61442565917969
91.85765075683594
92.91432189941406
93.01038360595703
91.66552734375
91.68382263183594
90.2657699584961
91.6060562133789
70.44051361083984
86.57884216308594
89.97300720214844
93.3946304321289
93.27569580078125
94.16769409179688
