4.9540276527404785
14.752298355102539
19.473033905029297
26.961254119873047
21.023740768432617
29.628103256225586
36.31123733520508
25.209278106689453
36.42559814453125
38.21417236328125
41.68153381347656
42.16641616821289
39.60477828979492
49.311561584472656
48.296051025390625
54.34792709350586
53.48337173461914
52.335208892822266
51.39746856689453
55.747676849365234
58.592926025390625
63.48748779296875
64.57160949707031
56.34691619873047
64.82777404785156
65.83413696289062
63.922054290771484
60.25799560546875
61.62115478515625
75.08805084228516
74.52083587646484
74.50711059570312
69.66287231445312
59.13727951049805
72.27482604980469
75.85655212402344
81.10791015625
80.25707244873047
82.3567123413086
79.72187805175781
50.40482711791992
63.34568405151367
75.54548645019531
79.52975463867188
80.52696228027344
82.4619140625
85.52216339111328
83.18466186523438
59.73651885986328
79.75846862792969
83.86624145507812
86.19459533691406
86.93106079101562
86.7252197265625
77.01386260986328
62.05571365356445
80.01006317138672
86.23576354980469
87.40679931640625
90.12396240234375
88.2896499633789
84.5889892578125
82.96052551269531
60.431819915771484
73.81181335449219
79.01285552978516
87.15978240966797
90.40299987792969
89.20452117919922
89.50643157958984
89.3920669555664
89.1633529663086
85.59992980957031
82.13713836669922
61.538814544677734
80.76026153564453
84.77654266357422
90.22003173828125
90.9793701171875
91.33616638183594
