0.37967154383659363
1.701660394668579
5.01349401473999
8.210968971252441
11.12940788269043
17.2681941986084
19.64685821533203
19.42271614074707
21.568090438842773
24.545995712280273
35.067012786865234
36.4393196105957
32.45048141479492
39.540733337402344
43.05384063720703
42.66044616699219
49.31613540649414
49.00507736206055
55.66533660888672
56.20511245727539
50.58323287963867
46.84598159790039
58.34133529663086
64.8186264038086
64.01354217529297
62.51314926147461
71.24102020263672
73.45958709716797
72.14674377441406
74.0908432006836
72.27482604980469
66.26412200927734
62.65495300292969
72.16046905517578
76.24079895019531
80.94322967529297
83.3493423461914
81.4967269897461
83.73358917236328
83.61923217773438
83.55519104003906
82.17373657226562
82.39330291748047
82.78669738769531
62.12432861328125
77.08247375488281
85.15164184570312
86.97223663330078
87.36563110351562
89.62993621826172
87.67668914794922
88.69219207763672
88.504638671875
86.88075256347656
85.92928314208984
83.22126007080078
85.69141387939453
85.6136474609375
86.72979736328125
87.66753387451172
88.9895248413086
87.22840118408203
88.68761444091797
90.50820922851562
89.65737915039062
89.30057525634766
90.0919418334961
89.63450622558594
88.96208190917969
90.8421401977539
90.39842224121094
90.72320556640625
89.6665267944336
91.0662841796875
89.84493255615234
91.59690856933594
91.61978149414062
90.19258117675781
71.12666320800781
80.39888000488281
89.8174819946289
92.33795166015625
95.2609634399414
95.5811767578125
95.51712799072266
95.1191635131836
94.32779693603516
92.70390319824219
92.7953872680664
92.5575180053711
92.19615173339844
91.82563018798828
92.73592376708984
92.77709197998047
91.72956085205078
93.17505645751953
92.61698913574219
93.19792938232422
86.35926818847656
80.76026153564453
