1.547958254814148
14.76733112335205
27.687559127807617
28.793922424316406
18.88888931274414
24.947769165039062
28.038936614990234
32.5735969543457
30.63627815246582
32.929725646972656
35.645774841308594
35.86894607543945
42.9867057800293
48.36656951904297
47.46913528442383
48.950618743896484
50.13295364379883
46.68566131591797
57.91547775268555
65.18993377685547
61.377017974853516
59.96676254272461
69.33048248291016
68.21937561035156
64.68660736083984
56.073123931884766
72.35042572021484
74.59164428710938
78.32383728027344
79.03608703613281
82.76353454589844
50.489078521728516
67.39791107177734
75.39411163330078
82.59733581542969
86.1680908203125
76.6904067993164
73.00094604492188
80.10446166992188
84.23551940917969
88.14814758300781
87.48338317871094
82.07977294921875
70.49382781982422
74.81481170654297
84.14054870605469
86.64292907714844
89.6343765258789
88.94112396240234
88.5422592163086
57.359920501708984
74.84330749511719
84.09781646728516
88.35707092285156
89.47293090820312
92.21272277832031
89.95726776123047
78.53751373291016
85.560302734375
89.26875305175781
90.70275115966797
90.75498962402344
89.27825164794922
87.98670196533203
50.413108825683594
83.19087982177734
77.48338317871094
89.47293090820312
91.32003784179688
92.77303314208984
91.44349670410156
91.94207000732422
90.65052032470703
90.53656768798828
86.50997161865234
89.41595458984375
88.96011352539062
80.32763671875
87.64007568359375
91.81861114501953
92.20323181152344
92.85375213623047
92.663818359375
91.97056579589844
91.1585922241211
90.23741149902344
91.4387435913086
90.19468688964844
89.10730743408203
79.67710876464844
89.35897064208984
92.06552124023438
93.62298583984375
93.99335479736328
94.09306335449219
93.84140014648438
92.20797729492188
91.13960266113281
74.50617218017578
82.83000946044922
