8.84680461883545
8.71872329711914
19.038469314575195
25.94574737548828
28.836742401123047
27.76176643371582
33.11833572387695
29.99405288696289
31.78262710571289
32.05708694458008
34.719364166259766
33.42024612426758
37.40908432006836
40.66144943237305
42.02460861206055
48.213714599609375
47.32171630859375
53.8538932800293
51.95096206665039
59.00462341308594
56.603084564208984
62.375919342041016
49.45793914794922
58.23612976074219
59.04121398925781
67.32080078125
68.87608337402344
70.22550964355469
62.45368576049805
47.29426956176758
68.75257873535156
73.5007553100586
77.00471496582031
76.24994659423828
50.57865524291992
60.67426300048828
70.34902954101562
77.15567016601562
77.75032806396484
78.85275268554688
82.26522064208984
80.67333984375
53.1082763671875
71.09921264648438
75.08805084228516
81.70257568359375
84.03092193603516
83.56433868408203
82.17373657226562
62.9111213684082
75.42198181152344
81.42811584472656
85.35291290283203
85.29801940917969
86.54224395751953
83.9989013671875
79.59379577636719
63.27249526977539
81.9084243774414
82.6952133178711
87.36105346679688
89.29142761230469
90.380126953125
86.19459533691406
61.29179763793945
74.5025405883789
83.50944519042969
86.83042907714844
88.96208190917969
88.8888931274414
65.18914794921875
73.65628814697266
83.42710876464844
87.14148712158203
90.50820922851562
89.529296875
87.09574127197266
88.05635833740234
85.88353729248047
65.93019104003906
