1.0612506866455078
6.134211540222168
16.75586700439453
18.87379264831543
24.111431121826172
30.593294143676758
28.402175903320312
31.933582305908203
34.3991584777832
38.10895919799805
41.99716567993164
44.810394287109375
42.3173713684082
51.7634162902832
53.61602783203125
61.319244384765625
62.43996047973633
57.829010009765625
60.427242279052734
53.4284782409668
70.12488555908203
72.20620727539062
77.2288589477539
78.07054138183594
78.69721984863281
44.6960334777832
65.62828826904297
77.3935317993164
79.31476593017578
83.41796112060547
86.52394104003906
82.04107666015625
83.63294982910156
81.7940673828125
41.39792251586914
63.21760559082031
75.55006408691406
82.91477966308594
88.30794525146484
89.5384521484375
89.2777099609375
87.98773956298828
86.35469818115234
66.88166046142578
65.38584899902344
79.33763122558594
87.55775451660156
89.34175109863281
92.20072174072266
91.88508605957031
92.0040283203125
89.95014190673828
89.61164093017578
88.30794525146484
88.97579956054688
89.02611541748047
89.59333801269531
89.80376434326172
88.6281509399414
89.4423828125
61.058502197265625
76.9040756225586
86.8624496459961
91.48712158203125
94.7715072631836
95.07341766357422
94.89044189453125
95.3707504272461
91.88966369628906
91.81190490722656
91.65179443359375
90.75980377197266
91.70669555664062
77.14651489257812
80.15644836425781
89.96843719482422
92.35625457763672
95.11458587646484
95.39820098876953
96.16668701171875
96.4731674194336
90.54937744140625
92.37911987304688
91.78445434570312
92.69932556152344
93.04698181152344
91.22638702392578
93.01953125
93.34431457519531
93.87493896484375
93.6690902709961
93.39005279541016
91.56031036376953
92.72219848632812
75.53633880615234
88.66931915283203
92.92346954345703
94.68917083740234
95.90137481689453
96.4228515625
