4.864468574523926
11.526251792907715
26.549449920654297
13.65079402923584
23.21855926513672
24.21977996826172
31.56043815612793
38.0415153503418
41.4945068359375
49.72405242919922
45.738704681396484
50.876678466796875
55.17948913574219
58.256412506103516
52.90842819213867
56.43955993652344
59.22344207763672
64.60562133789062
67.81440734863281
66.80830383300781
64.48839569091797
68.03907012939453
77.05005645751953
63.42856979370117
64.5030517578125
75.18437194824219
79.18437194824219
81.82661437988281
83.65811920166016
79.56532287597656
79.76557159423828
51.14529800415039
64.61538696289062
76.55188751220703
80.70329284667969
85.76313018798828
88.14163970947266
88.43955993652344
86.89132690429688
84.6104965209961
80.986572265625
82.85225677490234
80.56166076660156
69.10867309570312
80.6056137084961
86.16849517822266
89.9145278930664
90.54457092285156
91.89743041992188
90.10989379882812
85.30891418457031
87.52136993408203
86.94505310058594
85.77289581298828
75.1062240600586
81.20635223388672
88.57630920410156
89.63125610351562
92.95726776123047
93.21611785888672
93.97313690185547
89.38217163085938
89.89498901367188
87.56044006347656
90.47618865966797
88.21977996826172
91.07691955566406
89.39193725585938
90.34921264648438
90.55921936035156
66.9108657836914
84.20512390136719
89.23564910888672
92.67399597167969
94.88644409179688
93.99755859375
93.77777862548828
92.82051086425781
92.45909118652344
86.95481872558594
63.05738830566406
85.81196594238281
90.65201568603516
93.81196594238281
94.80341339111328
94.01221466064453
93.96825408935547
93.28937530517578
92.25396728515625
90.82784271240234
91.9218521118164
92.62026977539062
92.19535827636719
72.69352722167969
84.0781478881836
90.72039031982422
93.63125610351562
94.1050033569336
94.64713287353516
94.38827514648438
