3.29353666305542
14.139334678649902
20.00823402404785
29.243860244750977
23.836971282958984
31.09189796447754
33.05887222290039
30.43776512145996
44.33008575439453
36.4118766784668
42.55523681640625
35.91326904296875
44.23859786987305
46.20099639892578
49.25666809082031
40.117103576660156
53.03965759277344
45.57888412475586
51.82288360595703
58.75760269165039
62.87909698486328
64.57160949707031
68.51470184326172
73.33607482910156
56.95530700683594
51.54841995239258
59.667903900146484
73.46416473388672
76.49237823486328
77.3066177368164
81.80320739746094
80.67791748046875
75.73760986328125
52.248294830322266
49.51740646362305
71.05347442626953
80.44004821777344
83.89826202392578
84.61643981933594
87.1872329711914
85.74173736572266
83.42253875732422
62.1106071472168
74.86848449707031
77.0779037475586
82.91020202636719
86.44618225097656
88.852294921875
88.87516784667969
87.30615997314453
84.15900421142578
48.89072036743164
63.716209411621094
81.69342803955078
88.34453582763672
90.6774673461914
87.78646850585938
57.65975570678711
69.96477508544922
83.03829193115234
87.93742370605469
90.15141296386719
90.68661499023438
91.12574768066406
90.28406524658203
88.51836395263672
88.44060516357422
86.56968688964844
71.41484832763672
69.74520874023438
85.47184753417969
87.93284606933594
92.2052993774414
91.87136840820312
90.70948028564453
90.99766540527344
89.9043960571289
89.60248565673828
60.225975036621094
81.63853454589844
89.5018539428711
91.0068130493164
93.3305892944336
92.07721710205078
92.45230865478516
91.86222076416016
87.93742370605469
88.80197143554688
68.63821411132812
85.72343444824219
90.16056060791016
92.73592376708984
93.60504913330078
92.29678344726562
92.8548583984375
93.17048645019531
90.39842224121094
65.34010314941406
82.04107666015625
87.58976745605469
90.90618133544922
93.34431457519531
93.93898010253906
94.42842864990234
93.45867156982422
91.36361694335938
91.24468231201172
88.39485931396484
76.63876342773438
86.51022338867188
90.59512329101562
91.89881896972656
93.85206604003906
94.14482116699219
95.55372619628906
94.11280059814453
92.690185546875
90.73235321044922
89.25940704345703
90.3526840209961
89.43781280517578
80.5086669921875
88.3765640258789
91.8302001953125
94.08078002929688
95.18777465820312
96.14839172363281
95.7961654663086
95.78244018554688
93.97099304199219
92.72677612304688
92.8182601928711
63.533233642578125
87.0134048461914
91.8805160522461
94.84012603759766
94.4970474243164
95.58574676513672
96.26275634765625
94.25003814697266
93.16590881347656
92.07721710205078
90.0782241821289
91.13490295410156
78.12542724609375
89.71684265136719
91.93998718261719
94.65715026855469
95.79158782958984
95.7092514038086
96.7339096069336
94.4696044921875
94.61598205566406
93.59590148925781
91.5511703491211
93.1064453125
89.7397232055664
94.11737823486328
92.74507141113281
91.47797393798828
92.69932556152344
92.88687896728516
69.46159362792969
81.46013641357422
91.32244873046875
92.6535873413086
93.66451263427734
95.9699935913086
96.27647399902344
95.84191131591797
96.61040496826172
96.91231536865234
95.2701187133789
95.44851684570312
93.65079498291016
93.92982482910156
91.73871612548828
79.47943878173828
87.150634765625
92.87773132324219
93.39920043945312
94.89501953125
95.88765716552734
94.9316177368164
97.0724105834961
96.26275634765625
96.04776000976562
94.57481384277344
74.13658905029297
86.54224395751953
92.6307144165039
94.39183807373047
94.66172790527344
96.28104400634766
96.2581787109375
96.68359375
96.05233001708984
93.18878936767578
94.23173522949219
90.6317138671875
92.0040283203125
93.87493896484375
94.70747375488281
69.47532653808594
88.0517807006836
90.55853271484375
93.63706970214844
95.33415222167969
95.87850952148438
96.8848648071289
95.85105895996094
95.2335205078125
95.08256530761719
94.80352783203125
81.10334014892578
88.35369110107422
90.02333068847656
93.17963409423828
93.76058197021484
94.97278594970703
96.8208236694336
96.63327026367188
95.2335205078125
93.4723892211914
94.16311645507812
93.0790023803711
93.4541015625
84.09496307373047
85.43067932128906
90.34810638427734
93.20250701904297
95.33872985839844
95.21064758300781
96.58753204345703
96.93975830078125
95.77787017822266
94.57938385009766
84.05379486083984
89.34632873535156
92.68560791015625
94.7577896118164
96.2215805053711
97.27825164794922
96.48231506347656
95.98828887939453
95.15117645263672
94.45587921142578
93.98472595214844
93.66451263427734
93.04698181152344
93.72398376464844
93.23452758789062
93.36260986328125
79.95059204101562
88.81570434570312
93.5318603515625
94.72119140625
95.5217056274414
96.6744384765625
96.91231536865234
96.8482666015625
96.13009643554688
96.34051513671875
96.8848648071289
93.7560043334961
89.79918670654297
81.77118682861328
88.08380126953125
91.05713653564453
94.11737823486328
95.21979522705078
96.2307357788086
96.40913391113281
96.7979507446289
96.83911895751953
92.8045425415039
95.43936920166016
95.53085327148438
94.89044189453125
79.15008544921875
89.26398468017578
92.8548583984375
93.74227905273438
96.5463638305664
96.36338806152344
97.28740692138672
96.61040496826172
97.34230041503906
96.20785522460938
96.40455627441406
93.33973693847656
93.01495361328125
91.6289291381836
94.71204376220703
76.03952026367188
89.53387451171875
90.53565979003906
86.24948120117188
87.66295623779297
93.50898742675781
95.53543090820312
95.658935546875
97.20964050292969
96.509765625
96.61040496826172
97.00379943847656
96.70645904541016
96.61955261230469
94.87214660644531
95.62691497802734
94.40556335449219
91.68839263916016
87.1780776977539
85.00983428955078
88.21188354492188
91.03883361816406
94.42385864257812
95.9471206665039
96.14839172363281
97.15017700195312
97.11357879638672
97.31484985351562
97.63506317138672
96.40913391113281
95.99286651611328
92.90059661865234
93.74227905273438
88.3033676147461
91.03426361083984
94.27748107910156
94.17684936523438
95.4576644897461
91.83477020263672
94.48332977294922
95.9471206665039
95.80989074707031
72.87406921386719
89.16792297363281
92.45230865478516
94.08992767333984
96.33136749267578
96.21700286865234
97.186767578125
97.88207244873047
97.8226089477539
97.09986114501953
96.33136749267578
96.61497497558594
95.67266082763672
90.54480743408203
81.19482421875
88.89804077148438
87.86881256103516
92.92804718017578
94.57938385009766
95.25639343261719
96.6241226196289
96.86656951904297
97.38346862792969
96.59210205078125
96.62870025634766
96.39083099365234
97.48867797851562
96.39997863769531
94.89044189453125
94.82183074951172
92.88687896728516
93.0790023803711
94.2957763671875
94.52449798583984
91.3453140258789
83.85252380371094
90.51278686523438
93.14761352539062
94.87671661376953
95.97456359863281
97.04496765136719
96.92603302001953
96.61040496826172
97.17762756347656
97.10443115234375
96.82997131347656
95.39820098876953
96.03861236572266
95.64064025878906
77.71831512451172
89.68482971191406
92.87315368652344
95.72755432128906
95.20149993896484
96.68359375
97.35144805908203
96.71561431884766
97.90494537353516
97.51155090332031
96.49147033691406
94.5931167602539
96.03861236572266
79.67156219482422
85.08760070800781
