6.358355522155762
13.755088806152344
19.843557357788086
17.565526962280273
27.25401496887207
22.295412063598633
38.43831253051758
24.52312469482422
34.669044494628906
44.7646484375
36.471343994140625
38.25076675415039
38.808837890625
37.86194610595703
38.90489959716797
44.760074615478516
40.56538772583008
45.16719436645508
47.920955657958984
55.358856201171875
59.21046829223633
54.21527099609375
54.2289924621582
57.05137252807617
60.898406982421875
59.16472244262695
67.17442321777344
51.873199462890625
63.34111022949219
61.89561462402344
71.314208984375
74.03137969970703
69.92818450927734
78.55999755859375
34.001190185546875
54.37079620361328
68.60162353515625
72.81002044677734
80.27995300292969
78.73381805419922
73.67457580566406
60.710853576660156
67.67302703857422
78.43648529052734
81.35491943359375
75.37166595458984
57.618587493896484
74.03137969970703
80.32112121582031
83.10232543945312
83.31275177001953
79.70358276367188
80.19303894042969
64.2056655883789
75.93431091308594
82.5579833984375
86.41873931884766
84.7628173828125
85.17451477050781
60.6102180480957
76.13101196289062
84.67133331298828
85.55876159667969
85.7874755859375
87.47541046142578
86.38671875
84.31910705566406
61.31009292602539
73.92160034179688
84.5386734008789
86.9493637084961
89.42866516113281
89.18621826171875
87.64009094238281
87.411376953125
84.81771087646484
56.83637237548828
78.76583862304688
86.19917297363281
88.7928237915039
88.84771728515625
90.65001678466797
90.293212890625
89.63450622558594
87.56690216064453
59.41631317138672
81.03929138183594
85.11961364746094
89.3646240234375
91.67924499511719
91.4322280883789
90.86043548583984
87.94200134277344
73.07076263427734
74.90966033935547
83.65125274658203
87.237548828125
89.22281646728516
90.96107482910156
91.90796661376953
92.47061157226562
91.0068130493164
87.00425720214844
89.5887680053711
86.8624496459961
57.65060806274414
80.3073959350586
88.15242004394531
90.40757751464844
92.46146392822266
92.6535873413086
92.27848815917969
90.92447662353516
90.553955078125
88.41773223876953
61.93220520019531
77.48959350585938
85.3025894165039
90.76895141601562
91.63350677490234
92.51177978515625
91.46882629394531
91.61062622070312
90.1880111694336
90.28863525390625
75.71931457519531
87.90083312988281
90.5173568725586
92.3928451538086
92.94634246826172
92.86400604248047
93.39920043945312
92.71305084228516
88.6281509399414
88.43602752685547
88.10667419433594
88.72421264648438
89.46068572998047
62.88367462158203
83.62837982177734
87.4891357421875
90.96107482910156
93.11102294921875
93.64164733886719
93.31229400634766
92.57582092285156
93.0790023803711
90.41215515136719
89.6162109375
74.42935180664062
87.70870208740234
90.87873077392578
92.37454223632812
92.77252197265625
93.48153686523438
92.60326385498047
92.12753295898438
90.60884857177734
89.7534408569336
87.84593200683594
91.21723937988281
89.94556427001953
71.2364501953125
85.84693908691406
89.67110443115234
92.26018524169922
93.09272003173828
93.3580322265625
94.47875213623047
92.32880401611328
91.8805160522461
92.1092300415039
90.95649719238281
67.02346801757812
83.13434600830078
88.33081817626953
91.34074401855469
92.87773132324219
92.9692153930664
94.044189453125
94.96820831298828
92.82283782958984
91.98572540283203
91.55574035644531
63.793968200683594
82.75467681884766
88.28507995605469
93.81546783447266
93.99844360351562
93.6782455444336
94.41014099121094
94.0945053100586
93.94812774658203
92.7587890625
91.61978149414062
91.55574035644531
74.20063018798828
85.43067932128906
92.168701171875
92.89602661132812
93.21165466308594
94.30950164794922
94.40099334716797
92.33795166015625
93.95270538330078
93.71025848388672
91.31329345703125
92.78623962402344
93.07442474365234
92.89602661132812
72.54470825195312
85.50843811035156
90.0919418334961
91.95828247070312
93.4175033569336
93.81089782714844
94.36439514160156
93.99844360351562
94.8172607421875
94.56108856201172
91.01139068603516
91.29499816894531
72.59046173095703
87.2009506225586
89.03069305419922
92.44316101074219
94.01673889160156
93.783447265625
94.69374084472656
93.65079498291016
94.3460922241211
93.5593032836914
92.91432189941406
91.84391784667969
91.15319061279297
81.31832885742188
79.48858642578125
84.69877624511719
91.62435913085938
93.44952392578125
93.98014831542969
95.23809814453125
95.06884002685547
95.02310180664062
94.25003814697266
92.98751068115234
69.0133056640625
82.21490478515625
88.87516784667969
92.01317596435547
93.92525482177734
94.20886993408203
93.75143432617188
94.5931167602539
93.85206604003906
94.78523254394531
93.21165466308594
92.61698913574219
83.5460433959961
78.89849853515625
87.24668884277344
91.53286743164062
93.48153686523438
93.86121368408203
94.5839614868164
94.53364562988281
93.87950897216797
94.42385864257812
93.37633514404297
91.72499084472656
74.77242279052734
83.8845443725586
89.91812133789062
92.48432922363281
93.60504913330078
95.38447570800781
94.67545318603516
94.12652587890625
94.5931167602539
93.76058197021484
93.79717254638672
91.37733459472656
90.97021484375
88.94835662841797
77.74118041992188
87.150634765625
90.56310272216797
92.91432189941406
93.50898742675781
94.96363067626953
95.29756164550781
94.40556335449219
94.11737823486328
94.9316177368164
92.82283782958984
91.31329345703125
92.41571807861328
78.66062927246094
86.17172241210938
90.86043548583984
93.01953125
93.83834075927734
93.56388092041016
95.60861206054688
95.39362335205078
95.27469635009766
94.20886993408203
93.8978042602539
92.87315368652344
93.1338882446289
66.42422485351562
83.98517608642578
91.35903930664062
92.44316101074219
94.0075912475586
94.89959716796875
94.19971466064453
94.73491668701172
95.07798767089844
94.71662139892578
93.65994262695312
92.95091247558594
90.2428970336914
74.71753692626953
83.86624145507812
91.71126556396484
92.5941162109375
94.02131652832031
94.5931167602539
94.78523254394531
94.52449798583984
95.66808319091797
95.24266815185547
94.41471099853516
93.78802490234375
89.97300720214844
83.07946014404297
85.26142120361328
90.5036392211914
92.53007507324219
93.59590148925781
94.71662139892578
95.42564392089844
96.8208236694336
95.23809814453125
94.37811279296875
93.24824523925781
91.03426361083984
78.82530975341797
87.49371337890625
91.40021514892578
93.44036865234375
94.56566619873047
94.4970474243164
94.41471099853516
94.99108123779297
94.8858642578125
94.23173522949219
94.49247741699219
93.4723892211914
83.95773315429688
80.10612487792969
86.8395767211914
90.9793701171875
93.59590148925781
92.91432189941406
94.00302124023438
95.33415222167969
95.68180847167969
91.72956085205078
89.0535659790039
90.42130279541016
92.56209564208984
94.45587921142578
94.49247741699219
95.45308685302734
94.2363052368164
94.70289611816406
85.97045135498047
75.34879302978516
85.47184753417969
89.98673248291016
92.3699722290039
93.6782455444336
95.22894287109375
95.76872253417969
94.32322692871094
95.49425506591797
96.14839172363281
94.38726043701172
94.79438018798828
93.9938735961914
91.69754028320312
71.71675872802734
81.18109893798828
89.77174377441406
92.26934051513672
93.60962677001953
94.5565185546875
94.70289611816406
