94.91331481933594
93.81546783447266
92.52092742919922
90.75065612792969
92.3059310913086
87.52115631103516
75.7147445678711
81.19482421875
86.45990753173828
90.27034759521484
92.30135345458984
94.52449798583984
95.60404205322266
93.00123596191406
94.8675765991211
92.04519653320312
93.12931823730469
93.2299575805664
90.19258117675781
90.6683120727539
91.55574035644531
92.44316101074219
90.75065612792969
85.16993713378906
75.55921936035156
88.22103118896484
92.28763580322266
93.51355743408203
95.745849609375
95.01395416259766
93.6187744140625
93.53643798828125
94.02589416503906
93.05155181884766
91.94913482666016
92.76336669921875
81.871826171875
85.00525665283203
89.35547637939453
92.22359466552734
94.69831848144531
95.81446838378906
95.10086059570312
95.51255798339844
93.65079498291016
93.20707702636719
93.48153686523438
92.44316101074219
92.83655548095703
93.02867889404297
92.31050872802734
88.35369110107422
75.56378936767578
85.21110534667969
91.52371978759766
93.1567611694336
94.10823059082031
96.13924407958984
96.1209487915039
96.69274139404297
95.05055236816406
94.99108123779297
65.16170501708984
88.48177337646484
86.95394134521484
93.25282287597656
95.02767181396484
95.88765716552734
96.29934692382812
96.66986846923828
96.76136016845703
96.07520294189453
79.73560333251953
89.29142761230469
93.82461547851562
95.88765716552734
95.82361602783203
96.09349822998047
95.48968505859375
95.24724578857422
95.69095611572266
94.00302124023438
92.80911254882812
90.22003173828125
90.38470458984375
75.60953521728516
84.33740997314453
91.27212524414062
92.6444320678711
95.13745880126953
96.99007415771484
96.75678253173828
96.81624603271484
96.55550384521484
94.89501953125
94.66172790527344
93.59132385253906
93.40835571289062
84.19560241699219
68.67481231689453
