0.12258820980787277
4.493124485015869
12.088263511657715
17.56209373474121
20.914613723754883
26.217885971069336
27.9874210357666
29.81025505065918
31.53182029724121
33.93561553955078
38.1622428894043
38.972389221191406
39.79319763183594
41.829227447509766
43.42820739746094
49.59492492675781
55.404544830322266
48.640869140625
46.17311477661133
50.778167724609375
50.778167724609375
55.17535400390625
60.71847152709961
61.32075119018555
59.39665603637695
65.24890899658203
69.41690063476562
71.10649108886719
72.34303283691406
66.27225494384766
66.70930480957031
53.3045539855957
63.095619201660156
76.26052856445312
78.87218475341797
78.94147491455078
77.96610260009766
76.81483459472656
79.26127624511719
73.38236236572266
74.40570831298828
53.09135437011719
69.18238830566406
78.22193145751953
81.2706527709961
86.34473419189453
84.5165786743164
83.23739624023438
80.51380157470703
83.11480712890625
82.70973205566406
83.343994140625
54.55708312988281
71.87933349609375
80.63106536865234
84.46327209472656
87.94371795654297
88.25285339355469
87.39472961425781
86.6965103149414
57.7923469543457
74.76815032958984
84.03688049316406
88.21554565429688
90.53939056396484
90.15029907226562
88.48204040527344
88.11959838867188
86.50996398925781
86.13154602050781
87.1868667602539
87.17620849609375
88.63660430908203
87.71985626220703
87.29346466064453
86.84042358398438
88.42874145507812
88.22087097167969
86.68052673339844
86.78179168701172
88.58330535888672
89.37213134765625
87.73052215576172
88.60995483398438
88.42340850830078
89.16426849365234
89.53736114501953
89.11630249023438
90.15029907226562
88.86579132080078
89.79319763183594
89.89447021484375
74.23515319824219
84.54855346679688
90.11832427978516
91.70130920410156
93.58810424804688
93.11373901367188
92.6073989868164
91.97313690185547
