4.235982894897461
14.166152954101562
22.70486831665039
24.892175674438477
30.355310440063477
29.579998016357422
31.52084732055664
32.13698959350586
34.545082092285156
33.65167236328125
40.039024353027344
44.480384826660156
53.42985916137695
48.4185676574707
43.94639587402344
49.625179290771484
57.963645935058594
56.40275573730469
60.9211311340332
58.877593994140625
66.50236511230469
71.48284912109375
69.2185287475586
53.04477310180664
67.69357299804688
71.72930908203125
76.36064910888672
76.96652221679688
75.36968231201172
53.34257507324219
70.32244873046875
79.60054016113281
80.77120971679688
84.24214172363281
70.69213104248047
56.895668029785156
75.90367889404297
80.19613647460938
87.17909240722656
89.20209503173828
87.7336196899414
83.81084442138672
79.43109130859375
59.1959342956543
78.19880676269531
85.0174560546875
87.39474487304688
91.39453887939453
86.85047912597656
86.38837432861328
84.68885040283203
67.46251678466797
70.7588882446289
85.21257019042969
89.62312316894531
91.4612808227539
90.9118881225586
88.53974151611328
87.79523468017578
72.32491302490234
83.21524047851562
89.16101837158203
91.35345458984375
93.5613021850586
91.80016326904297
91.44075012207031
70.77428436279297
82.614501953125
89.19182586669922
91.15321350097656
91.35859680175781
92.65763092041016
91.28157806396484
89.08399963378906
86.98912048339844
87.17909240722656
71.49826049804688
84.96097564697266
89.77202606201172
90.41897583007812
92.69357299804688
92.93489074707031
91.59478759765625
72.23762512207031
85.13555145263672
90.7424545288086
93.43807983398438
93.66399383544922
93.44834899902344
93.42781066894531
91.18915557861328
74.84596252441406
80.8893051147461
84.93531036376953
91.93879699707031
92.17498016357422
93.57157135009766
94.33661651611328
93.53562927246094
92.58061218261719
