4.730571746826172
8.952693939208984
16.115846633911133
18.064903259277344
26.00568199157715
26.090425491333008
22.531280517578125
37.724937438964844
26.499176025390625
46.64772415161133
32.64543151855469
53.711181640625
51.88175964355469
56.84661865234375
48.681522369384766
47.121280670166016
63.20721435546875
60.16150665283203
63.77548599243164
67.18009948730469
51.16893768310547
56.6223030090332
70.66946411132812
73.3961410522461
75.10093688964844
74.19371032714844
74.0441665649414
75.04113006591797
52.853797912597656
68.06240844726562
70.32550811767578
78.17656707763672
84.427490234375
82.89716339111328
82.54324340820312
82.56816864013672
82.80744171142578
83.65983581542969
58.262298583984375
80.57424926757812
81.22725677490234
85.7684097290039
86.51612091064453
87.93180847167969
89.38238525390625
88.9487075805664
87.21897888183594
68.48113250732422
82.53826141357422
85.99272155761719
91.71028137207031
89.8160629272461
91.57070922851562
91.29155731201172
88.93873596191406
86.43138122558594
66.02861022949219
82.79747009277344
87.77229309082031
89.33253479003906
90.76815795898438
92.1589126586914
90.8877944946289
90.33448028564453
90.81800842285156
78.72987365722656
77.53352355957031
86.9797134399414
90.98748779296875
91.8199462890625
94.35720825195312
93.37520599365234
93.2804946899414
92.0392837524414
90.41921997070312
90.9974594116211
91.396240234375
90.30457305908203
90.71332550048828
90.77812194824219
92.2386703491211
90.71830749511719
91.66542053222656
92.0392837524414
89.23284149169922
63.85025405883789
82.60804748535156
90.68840026855469
93.18578338623047
93.4798812866211
95.11988067626953
94.1777572631836
94.22262573242188
94.27246856689453
93.18578338623047
91.13204193115234
91.63052368164062
92.43307495117188
92.81192779541016
91.98943328857422
