1.3860299587249756
7.071954727172852
6.513883113861084
10.873244285583496
19.532499313354492
21.728191375732422
21.741914749145508
24.857051849365234
29.193540573120117
28.16888427734375
28.649192810058594
29.065460205078125
38.79511260986328
34.216182708740234
42.353965759277344
33.29216384887695
35.5884895324707
43.82233428955078
41.75929641723633
41.91025161743164
44.458168029785156
33.90970230102539
46.301631927490234
36.78697204589844
47.27139663696289
44.74635314941406
55.349708557128906
52.737754821777344
44.6960334777832
45.583457946777344
46.983211517333984
43.058414459228516
55.66991424560547
56.34234619140625
55.93522644042969
53.56113815307617
61.186588287353516
54.379947662353516
57.19317626953125
64.98787689208984
57.142860412597656
57.1885986328125
44.97049331665039
49.146881103515625
56.83637237548828
72.12844848632812
73.4138412475586
55.84831237792969
47.30341720581055
48.552215576171875
63.661312103271484
71.25932312011719
75.98463439941406
71.62069702148438
45.0940055847168
60.33118438720703
65.00617218017578
67.14239501953125
73.18511962890625
71.7990951538086
45.38218688964844
63.51035690307617
59.50779724121094
71.53378295898438
70.50912475585938
78.02479553222656
70.40391540527344
46.681304931640625
54.201541900634766
59.2470588684082
72.60875701904297
71.26847076416016
71.661865234375
73.6151123046875
44.819541931152344
40.83527755737305
47.70595932006836
68.31800842285156
67.75993347167969
61.83156967163086
69.40670776367188
74.31956481933594
66.4104995727539
39.8151969909668
46.54407501220703
60.40895080566406
69.5622329711914
75.68272399902344
61.55253601074219
66.08572387695312
72.40290832519531
69.7086181640625
61.36956024169922
58.53803634643555
72.10100555419922
71.44686889648438
74.12287139892578
75.91143798828125
66.35560607910156
43.030967712402344
