3.2294955253601074
13.553817749023438
18.087003707885742
23.21485710144043
27.68857765197754
31.16508674621582
29.13407325744629
25.232147216796875
37.29930114746094
28.40675163269043
33.905128479003906
42.047481536865234
36.48506546020508
46.040897369384766
42.28077697753906
52.80179214477539
52.737754821777344
47.701385498046875
41.99716567993164
55.830020904541016
52.02872848510742
64.26512908935547
60.029273986816406
55.68363571166992
62.266136169433594
65.20287322998047
65.8707275390625
73.59681701660156
75.91143798828125
79.10891723632812
79.0174331665039
57.71007537841797
56.859249114990234
74.36530303955078
78.62403106689453
79.40625
82.37957763671875
80.75568389892578
57.60029602050781
67.37568664550781
74.81359100341797
71.95462036132812
72.84661865234375
79.89112854003906
83.66954803466797
86.59255981445312
86.02076721191406
81.80320739746094
80.74195861816406
55.77055358886719
69.68116760253906
79.72644805908203
84.77654266357422
87.37020874023438
88.44975280761719
87.78189086914062
83.04743957519531
66.9228286743164
79.33763122558594
85.87895965576172
87.6904067993164
90.11024475097656
89.52014923095703
89.11302947998047
81.94044494628906
75.5409164428711
84.41974639892578
87.02255249023438
90.65458679199219
91.00224304199219
91.25382995605469
89.34175109863281
87.84136199951172
84.43346405029297
72.18334197998047
82.3567123413086
88.3994369506836
91.00224304199219
90.5036392211914
91.62435913085938
