2.8361008167266846
16.89767074584961
14.143909454345703
26.824024200439453
31.974750518798828
12.268423080444336
30.703079223632812
29.637252807617188
29.650978088378906
30.483509063720703
33.667259216308594
41.66323471069336
37.962581634521484
46.19184875488281
53.18604278564453
50.6244010925293
55.4000244140625
55.81629180908203
59.576416015625
49.741546630859375
57.243492126464844
58.44654846191406
64.15991973876953
68.40950012207031
63.519508361816406
65.50020599365234
70.16605377197266
75.5271987915039
78.87562561035156
67.72792053222656
55.55555725097656
69.40670776367188
77.55363464355469
81.8215103149414
82.53968048095703
82.95137023925781
83.3218994140625
80.96610260009766
80.9935531616211
51.530120849609375
67.85142517089844
77.04130554199219
85.275146484375
87.00425720214844
89.4423828125
88.41315460205078
86.6383056640625
52.35350799560547
77.37981414794922
83.76560974121094
86.89447021484375
89.6162109375
90.13311004638672
88.60984802246094
67.00059509277344
76.48780822753906
85.77832794189453
91.41393280029297
91.15776824951172
91.88508605957031
90.53565979003906
88.0517807006836
87.78189086914062
56.255428314208984
74.45222473144531
84.30538177490234
89.80833435058594
91.9445571899414
