5.484652996063232
3.5039565563201904
18.494121551513672
27.098485946655273
19.024747848510742
28.69036102294922
25.575225830078125
37.23068618774414
29.019716262817383
33.026851654052734
41.11888885498047
31.03243064880371
33.406524658203125
25.749052047729492
47.25767517089844
41.672386169433594
40.28178024291992
44.65486526489258
48.78093338012695
49.23836898803711
51.12757873535156
48.84954833984375
59.407161712646484
58.14921188354492
44.18828201293945
53.87677001953125
51.868621826171875
62.636661529541016
63.34568405151367
66.47454833984375
58.4556999206543
56.70829391479492
67.54951477050781
70.7744369506836
56.89583969116211
69.612548828125
73.34980010986328
75.12007904052734
77.46215057373047
56.310325622558594
59.35684585571289
73.1988525390625
74.78614807128906
81.09876251220703
81.55162048339844
64.88724517822266
72.95182800292969
75.32135009765625
80.78312683105469
83.63294982910156
62.1106071472168
74.5802993774414
79.61666870117188
83.60550689697266
84.44261169433594
85.03727722167969
83.9119873046875
49.16975402832031
74.42020416259766
83.07488250732422
84.86803436279297
85.15164184570312
84.62100982666016
87.237548828125
60.81148910522461
79.98719024658203
80.87919616699219
86.84415435791016
89.0764389038086
86.42788696289062
83.59635925292969
69.52106475830078
77.78692626953125
83.73358917236328
88.90718841552734
89.38749694824219
87.82306671142578
63.524085998535156
71.73505401611328
83.6238021850586
84.51580047607422
88.3902816772461
90.62256622314453
89.68025207519531
87.7498779296875
85.97959899902344
63.578975677490234
81.36865234375
86.1762924194336
88.60984802246094
87.94657135009766
91.52828979492188
88.73336029052734
65.98509216308594
80.26622772216797
87.8001937866211
88.80654907226562
90.71405792236328
90.33895874023438
91.04798126220703
87.94657135009766
88.42230224609375
54.855682373046875
79.0082778930664
85.89726257324219
89.95471954345703
91.50541687011719
91.04798126220703
92.77252197265625
89.81291198730469
91.25382995605469
69.56681060791016
79.45198822021484
86.6977767944336
90.59512329101562
91.87136840820312
92.71305084228516
92.15498352050781
90.98394775390625
89.41951751708984
60.642242431640625
81.22684478759766
86.91276550292969
90.9519271850586
91.61978149414062
92.58496856689453
91.90796661376953
92.56209564208984
91.23095703125
83.69242095947266
85.16993713378906
81.96331024169922
89.22281646728516
91.29499816894531
91.6289291381836
93.7560043334961
92.81369018554688
90.87416076660156
88.7928237915039
90.86959075927734
82.47564697265625
82.1828842163086
88.68761444091797
90.10566711425781
92.48890686035156
93.98472595214844
92.79080963134766
92.6535873413086
91.7432861328125
76.11270904541016
