21.366817474365234
27.743471145629883
29.02886199951172
41.137184143066406
44.50391387939453
49.11486053466797
56.14107131958008
56.69457244873047
58.9085578918457
64.23768615722656
26.860618591308594
27.11220932006836
31.961027145385742
40.45560836791992
46.608116149902344
48.95933151245117
54.43026351928711
63.368553161621094
62.755592346191406
62.87909698486328
61.822425842285156
68.31343841552734
73.03874206542969
75.16581726074219
77.49874114990234
78.1025619506836
79.66698455810547
75.90686798095703
58.853668212890625
68.13046264648438
77.70915985107422
80.25250244140625
81.85810089111328
85.16536712646484
85.9521484375
83.660400390625
81.99076080322266
79.1180648803711
75.22071075439453
64.22396087646484
76.60216522216797
79.5434799194336
85.81034851074219
86.03448486328125
88.01061248779297
88.57325744628906
86.8121337890625
84.84515380859375
82.69063568115234
60.86180877685547
75.30762481689453
81.16279602050781
86.47362518310547
87.88710021972656
89.42866516113281
88.10667419433594
87.9511489868164
89.78089141845703
87.11861419677734
86.1259765625
83.86624145507812
67.97492980957031
78.14830017089844
84.18187713623047
84.6484603881836
88.43602752685547
89.7397232055664
89.42408752441406
90.38470458984375
88.31251525878906
89.15420532226562
86.30895233154297
87.37020874023438
87.81848907470703
84.1727294921875
80.21133422851562
81.10334014892578
67.81025695800781
82.48478698730469
86.47820281982422
89.27313995361328
90.1559829711914
90.53565979003906
90.28863525390625
89.49728393554688
90.23374938964844
90.1880111694336
86.48735046386719
87.1780776977539
69.43415069580078
80.5452651977539
86.31352996826172
89.2777099609375
91.30414581298828
91.30414581298828
90.47618865966797
90.70033264160156
91.18978881835938
90.69575500488281
85.33003997802734
