1.289968490600586
4.8625407218933105
7.071954727172852
12.007684707641602
13.649879455566406
20.20950698852539
26.247655868530273
25.213851928710938
29.54119110107422
25.337358474731445
37.441104888916016
35.021270751953125
38.886600494384766
45.789302825927734
43.145328521728516
53.698368072509766
43.70797348022461
56.392662048339844
53.20891189575195
54.84653091430664
58.725582122802734
56.52989196777344
68.66108703613281
59.08238220214844
66.14976501464844
66.96857452392578
72.14674377441406
76.74855041503906
79.47943878173828
74.38360595703125
42.44544982910156
57.84273147583008
73.91702270507812
83.04286193847656
82.54883575439453
83.33104705810547
82.2469253540039
82.37042999267578
82.96510314941406
80.16558837890625
58.25899887084961
75.18412017822266
83.2624282836914
88.73336029052734
88.34911346435547
87.50743103027344
88.4268798828125
87.80934143066406
85.74630737304688
83.84794616699219
85.58162689208984
84.03092193603516
56.54819107055664
74.2646713256836
82.15543365478516
88.37198638916016
90.07364654541016
91.17607116699219
92.77709197998047
90.6911849975586
88.01519012451172
88.59613037109375
88.16156005859375
87.64466857910156
87.67211151123047
61.11796951293945
79.64868927001953
86.7526626586914
92.27848815917969
92.13211059570312
93.80632019042969
93.04698181152344
90.87873077392578
90.00960540771484
90.00503540039062
89.94556427001953
88.76080322265625
88.9026107788086
90.78266906738281
88.17071533203125
75.00114440917969
85.362060546875
91.37276458740234
92.7679443359375
93.7926025390625
94.2454605102539
94.99565124511719
93.03783416748047
91.64265441894531
90.88787841796875
91.24010467529297
90.1559829711914
72.9884262084961
86.56510925292969
91.5511703491211
94.0945053100586
94.27748107910156
95.745849609375
95.35245513916016
93.37633514404297
