8.023420333862305
17.501487731933594
22.98613929748535
20.84076690673828
29.358217239379883
29.07460594177246
28.388456344604492
28.722381591796875
34.984676361083984
39.03755569458008
43.56159210205078
31.252002716064453
41.905677795410156
45.06655502319336
47.60074996948242
43.37862014770508
50.866844177246094
48.70317077636719
55.44119644165039
54.50802993774414
54.63153839111328
46.040897369384766
47.89350891113281
65.07022094726562
72.06898498535156
71.04432678222656
55.79799270629883
44.32093811035156
56.75403594970703
70.2117919921875
75.43570709228516
66.96857452392578
55.47779083251953
66.16348266601562
63.1627082824707
74.74497985839844
78.9213638305664
81.72544860839844
77.48501586914062
78.13915252685547
52.463294982910156
65.74264526367188
79.03572082519531
81.20397186279297
84.78111267089844
85.9018325805664
82.61744689941406
49.59516906738281
66.82676696777344
71.65271759033203
82.71807861328125
85.9613037109375
84.23219299316406
86.68405151367188
86.02076721191406
82.05023193359375
57.58656692504883
70.52742004394531
79.02658081054688
84.25048828125
85.65939331054688
87.80476379394531
89.12675476074219
85.63195037841797
73.8163833618164
82.15543365478516
86.5879898071289
86.92192077636719
88.95292663574219
90.77352142333984
85.0235595703125
87.38849639892578
58.74388122558594
79.5343246459961
86.24491119384766
89.16792297363281
89.48812866210938
91.78445434570312
89.52014923095703
89.93641662597656
