0.27872583270072937
13.737201690673828
22.39476776123047
20.489192962646484
22.002275466918945
28.128555297851562
30.10239028930664
32.155860900878906
26.450511932373047
39.86348342895508
39.09556198120117
42.127418518066406
51.94539260864258
46.137657165527344
51.575653076171875
55.26165771484375
52.67918014526367
52.33219909667969
54.69852066040039
68.09442901611328
67.34925842285156
70.0170669555664
59.988624572753906
54.81797409057617
61.55858612060547
73.46416473388672
75.69965362548828
80.34698486328125
60.290103912353516
47.645050048828125
65.11376190185547
76.3765640258789
83.39590454101562
82.8498306274414
84.89192199707031
82.77019500732422
76.83162689208984
46.0181999206543
62.66780471801758
79.16950988769531
83.44709777832031
87.7360610961914
87.98065948486328
86.20591735839844
52.20136642456055
71.64959716796875
82.0989761352539
85.14220428466797
89.54493713378906
89.78953552246094
89.82366180419922
84.2662124633789
83.97042083740234
64.06143188476562
79.05574798583984
87.1501693725586
87.8043212890625
91.29124450683594
91.77474212646484
91.02389526367188
90.31285858154297
57.14448165893555
82.61092376708984
86.66098022460938
90.94994354248047
91.76336669921875
91.92832946777344
91.14334869384766
88.13423919677734
66.18315887451172
85.38111114501953
89.33447265625
92.62798309326172
92.71900177001953
92.0989761352539
91.60409545898438
90.42092895507812
62.992034912109375
81.02388763427734
85.97838592529297
92.29806518554688
93.79408264160156
93.94766998291016
93.7372055053711
91.74629974365234
91.14334869384766
89.4027328491211
87.72468566894531
89.3458480834961
77.97496795654297
88.21388244628906
92.2411880493164
93.5836181640625
94.4027328491211
93.89646911621094
94.3799819946289
92.65642547607422
91.68942260742188
89.163818359375
65.88737487792969
