7.2977728843688965
14.678585052490234
20.69167709350586
24.20379066467285
27.505863189697266
33.382179260253906
39.072879791259766
37.734466552734375
40.72880172729492
48.39781188964844
44.91012191772461
47.10335922241211
49.18424987792969
57.45896530151367
51.10395050048828
54.54279327392578
55.5978889465332
55.54415512084961
58.05978775024414
68.41050720214844
69.26045227050781
71.47811889648438
60.21395492553711
62.92985534667969
73.77393341064453
73.53458404541016
76.96365356445312
84.91598510742188
81.36967468261719
51.50938034057617
63.68210220336914
68.93806457519531
79.30343627929688
83.16236877441406
86.1860122680664
83.6899185180664
83.63618469238281
83.4310302734375
82.39546203613281
80.29015350341797
66.43708038330078
74.3112564086914
81.92164611816406
88.115478515625
88.66744995117188
90.39663696289062
89.7469711303711
89.02403259277344
85.22372436523438
82.92301940917969
87.47069549560547
66.72039794921875
82.1170425415039
88.32063293457031
91.76924896240234
92.58010864257812
91.65689849853516
91.1928482055664
89.14614868164062
88.77490997314453
87.1776123046875
88.27178192138672
89.09242248535156
88.71141052246094
89.03868865966797
88.62348937988281
57.91324996948242
79.9482192993164
88.25713348388672
90.66529846191406
93.27374267578125
93.68405151367188
93.03927612304688
91.90601348876953
92.28214263916016
92.31633758544922
92.00371551513672
91.65200805664062
91.07073211669922
88.8188705444336
90.0595932006836
92.4970703125
92.15025329589844
91.62759399414062
79.11781311035156
79.46952056884766
87.85658264160156
91.876708984375
93.08323669433594
94.9345474243164
94.4411849975586
95.01270294189453
94.58283996582031
92.4482192993164
58.4310302734375
79.71375274658203
89.46365356445312
93.02950286865234
94.48026275634766
94.49003601074219
2.785106897354126
19.36382293701172
19.339391708374023
24.23531723022461
16.085214614868164
19.588586807250977
34.01739501953125
31.334897994995117
37.84813690185547
42.72452163696289
44.0877571105957
52.66783905029297
55.174434661865234
58.28691864013672
57.44649887084961
55.29170227050781
53.28349304199219
62.063907623291016
69.55438232421875
72.51050567626953
71.22544860839844
50.175899505615234
54.81285858154297
62.1274299621582
74.0691909790039
77.84130096435547
79.38532257080078
80.36743927001953
80.25017547607422
76.790771484375
79.1019287109375
71.98280334472656
62.1567497253418
77.34291076660156
82.5271224975586
86.9393081665039
87.80905151367188
85.23404693603516
85.3219985961914
83.29424285888672
85.09723663330078
83.90501403808594
67.76605224609375
78.0709457397461
84.8236083984375
88.32209777832031
91.76683044433594
89.83679962158203
91.77172088623047
90.03713989257812
87.51099395751953
85.81061553955078
88.12664794921875
59.0931282043457
74.73370361328125
85.50767517089844
88.7520751953125
93.14961242675781
93.64311981201172
94.4688720703125
91.77172088623047
91.2831039428711
88.10221862792969
89.8563461303711
88.93286895751953
89.69509887695312
72.0023422241211
83.90501403808594
89.51920318603516
92.95905303955078
94.05843353271484
92.6512222290039
93.92162322998047
93.46720886230469
91.11697387695312
89.27978515625
72.29551696777344
82.77142333984375
89.8563461303711
92.48020935058594
94.26365661621094
94.99169921875
93.98514556884766
93.2522201538086
92.19681549072266
92.29454040527344
91.73751831054688
91.0436782836914
77.45040893554688
86.3969497680664
90.22769165039062
91.86944580078125
94.21479797363281
96.02267456054688
94.53728485107422
93.98025512695312
94.03889465332031
93.73106384277344
91.72285461425781
92.7049789428711
