6.251776218414307
13.765274047851562
22.02898597717285
26.84853744506836
28.462631225585938
29.536802291870117
30.00852394104004
26.172208786010742
18.817846298217773
38.937198638916016
32.23074722290039
46.04717254638672
43.296390533447266
46.57572937011719
43.22819137573242
58.982666015625
54.140384674072266
56.28303146362305
51.27024841308594
58.38022232055664
65.64933013916016
60.551292419433594
69.23558044433594
60.915035247802734
60.52287673950195
76.1523208618164
72.69678497314453
82.51776123046875
81.31287384033203
75.99317932128906
61.89826583862305
47.530548095703125
62.06877136230469
76.15799713134766
83.12020111083984
86.21199035644531
83.4384765625
86.56436157226562
84.91616821289062
58.83489990234375
69.1048583984375
80.6081314086914
84.05229187011719
87.69536590576172
88.98551177978516
84.26825714111328
86.4393310546875
48.41716384887695
74.80534362792969
82.13128662109375
89.33219909667969
90.00283813476562
91.41801452636719
90.99176025390625
88.74111938476562
86.53594970703125
82.94970703125
58.522308349609375
70.11650848388672
84.00113677978516
90.1221923828125
90.74737548828125
92.88434600830078
91.81017303466797
91.51463317871094
90.61665344238281
88.82637023925781
87.0986099243164
65.39926147460938
77.94259643554688
87.4566650390625
90.93492889404297
92.20233154296875
93.06053161621094
92.71952819824219
91.52031707763672
91.73628997802734
86.21199035644531
90.08240509033203
89.0821304321289
88.11026000976562
61.17647171020508
77.98238372802734
89.04234313964844
92.53196716308594
94.02102661132812
93.73685455322266
94.75418853759766
90.65643310546875
93.123046875
91.11111450195312
91.54873657226562
89.76982116699219
90.9462890625
78.21540069580078
87.80335235595703
91.11679077148438
93.96419525146484
94.29383087158203
93.73685455322266
