3.7037036418914795
12.41712760925293
18.867454528808594
24.69468116760254
28.418323516845703
28.527990341186523
26.708539962768555
36.7130241394043
34.70415115356445
44.579036712646484
46.393497467041016
42.31593704223633
45.17222213745117
46.9218864440918
62.6788330078125
53.870697021484375
56.06898498535156
50.28164291381836
52.00638198852539
59.977073669433594
67.4592514038086
74.27346801757812
73.53073120117188
74.1338882446289
75.95832824707031
54.179752349853516
64.05463409423828
73.89462280273438
78.73485565185547
80.28014373779297
77.67808532714844
77.0001449584961
81.37680053710938
62.05074691772461
62.065696716308594
77.88245391845703
83.59503936767578
84.94092559814453
87.41339111328125
85.8282241821289
83.72463989257812
85.26493835449219
85.1502914428711
72.16490173339844
80.74871826171875
84.83625030517578
88.95368957519531
88.20597076416016
88.44025421142578
73.16683959960938
82.49837493896484
87.43831634521484
89.83599853515625
89.88086700439453
89.0633544921875
89.0583724975586
88.35551452636719
73.41109466552734
84.52719116210938
89.18299102783203
90.19989013671875
89.98554229736328
90.95259094238281
89.89083099365234
89.50700378417969
87.97666931152344
88.245849609375
62.22521209716797
81.86531066894531
84.6717529296875
90.56876373291016
92.10408020019531
92.55770111083984
92.5477294921875
92.0990982055664
89.27770233154297
90.86286926269531
89.24281311035156
90.01544952392578
89.94068145751953
89.68645477294922
89.13314056396484
90.39928436279297
91.12207794189453
89.34748840332031
90.73326873779297
60.78460693359375
80.05084228515625
88.78919219970703
92.4928970336914
93.2755126953125
93.57459259033203
94.28244018554688
93.86870574951172
92.48292541503906
91.65544891357422
91.82493591308594
89.09326934814453
89.80110931396484
92.37825012207031
