2.831526517868042
9.500937461853027
13.46233081817627
10.873244285583496
12.47426986694336
11.307808876037598
19.688030242919922
22.446365356445312
21.760211944580078
21.897441864013672
30.488082885742188
31.26114845275879
31.380084991455078
33.85480880737305
38.27363967895508
34.09267807006836
37.46855163574219
36.626869201660156
43.40606689453125
48.40583801269531
43.07213592529297
33.877681732177734
49.46708679199219
51.90064239501953
50.77992630004883
48.37381362915039
45.37761306762695
55.21247863769531
59.71364212036133
66.09944915771484
66.3327407836914
66.0719985961914
45.44622802734375
43.84977722167969
55.070674896240234
53.33241653442383
66.5202865600586
70.7515640258789
74.53913116455078
74.16860961914062
74.13658905029297
68.60619354248047
45.04825973510742
62.02827072143555
69.44330596923828
72.61790466308594
74.59860229492188
77.63139343261719
80.25250244140625
78.88934326171875
75.38539123535156
73.38639831542969
45.30442428588867
62.09688949584961
74.80902099609375
79.44284057617188
81.43268585205078
82.88275909423828
82.7821273803711
79.12263488769531
78.48680114746094
74.91880798339844
57.37157440185547
72.46237182617188
79.98261260986328
82.93307495117188
83.47285461425781
87.02713012695312
83.834228515625
81.9084243774414
80.30282592773438
59.86459732055664
72.70939636230469
79.3559341430664
83.6100845336914
86.46448516845703
85.4992904663086
86.1259765625
84.41974639892578
82.51223754882812
83.14349365234375
68.7205581665039
67.44430541992188
76.9040756225586
82.85073852539062
87.15978240966797
88.17986297607422
86.40043640136719
85.19738006591797
86.46448516845703
82.69979095458984
50.413978576660156
77.4072494506836
83.834228515625
85.67768859863281
87.96944427490234
86.45532989501953
88.25762939453125
87.88253021240234
84.51580047607422
