5.338273525238037
19.875577926635742
24.568866729736328
22.130735397338867
19.90302276611328
22.47838592529297
22.153606414794922
30.753398895263672
30.236494064331055
32.39558792114258
35.17222595214844
37.32674789428711
42.45917510986328
43.483829498291016
42.87543869018555
36.70463180541992
38.49320602416992
51.237361907958984
56.69457244873047
52.74689865112305
49.89707946777344
62.29815673828125
59.22418975830078
63.61557388305664
65.84785461425781
59.75939178466797
55.04780578613281
62.476558685302734
73.86669921875
56.15937042236328
52.728607177734375
72.58588409423828
68.44151306152344
78.61488342285156
76.08984375
81.02099609375
46.95119094848633
65.42243957519531
74.62147521972656
79.07231903076172
78.11627960205078
84.49750518798828
82.66319274902344
48.47445297241211
68.07556915283203
77.3066177368164
83.65583038330078
83.14349365234375
84.60729217529297
69.2466049194336
77.91958618164062
80.9706802368164
84.3740005493164
86.48277282714844
85.57247924804688
84.69420623779297
84.8222885131836
74.95539855957031
72.92896270751953
80.36228942871094
83.95316314697266
86.31352996826172
89.61164093017578
89.98673248291016
89.83577728271484
86.93563842773438
86.50565338134766
53.09455490112305
73.29490661621094
86.25405883789062
89.25025939941406
90.43502044677734
90.34353637695312
90.82383728027344
83.7107162475586
68.80289459228516
83.1206283569336
87.93284606933594
89.07186126708984
91.0159683227539
90.1788558959961
90.56310272216797
90.16056060791016
59.92406463623047
84.51580047607422
87.55775451660156
90.47618865966797
91.6289291381836
92.9051742553711
92.31965637207031
90.16056060791016
87.38849639892578
72.89236450195312
85.74630737304688
88.36741638183594
90.86959075927734
91.37733459472656
92.83197784423828
93.10186767578125
91.98115539550781
