4.069056510925293
9.986827850341797
9.996236801147461
6.67513370513916
22.956064224243164
17.640417098999023
21.808259963989258
28.45987319946289
33.42741394042969
32.265499114990234
31.898578643798828
47.685577392578125
38.58312225341797
46.09558868408203
50.108192443847656
52.56844711303711
61.666194915771484
58.4862174987793
59.69987487792969
50.54096984863281
62.92689895629883
73.07366943359375
76.07959747314453
74.8000717163086
75.02116394042969
46.97525405883789
60.74419021606445
63.83949661254883
74.51782989501953
81.10358428955078
80.40267181396484
81.01420593261719
83.56853485107422
80.32740020751953
73.0501480102539
50.094078063964844
70.93329620361328
80.67080688476562
78.67155456542969
82.29843139648438
86.50390625
86.1793212890625
87.30360412597656
88.1973876953125
85.30435180664062
85.1632308959961
83.67202758789062
83.40390014648438
53.292877197265625
77.52375793457031
82.56185913085938
84.10480499267578
87.72227478027344
91.59375762939453
90.90225219726562
90.93517303466797
90.16840362548828
88.1080093383789
67.32994842529297
81.26822662353516
85.11148834228516
88.79480743408203
92.04534912109375
92.53457641601562
91.69253540039062
90.7705307006836
91.12334442138672
89.82030487060547
68.80233001708984
81.57870483398438
89.62743377685547
91.69253540039062
92.68511199951172
92.93912506103516
92.43108367919922
92.83563995361328
90.9775161743164
90.7705307006836
82.00677490234375
67.37699127197266
85.135009765625
90.42713165283203
92.58631896972656
93.96932983398438
94.63731384277344
93.95050811767578
93.60710906982422
93.43305969238281
91.13275146484375
91.37736511230469
87.75990295410156
88.01862335205078
89.4627914428711
92.8732681274414
91.9794921875
91.73958587646484
92.36051940917969
91.57493591308594
66.21977996826172
80.75077819824219
