2.8318750858306885
11.318092346191406
19.291561126708984
18.204910278320312
24.160316467285156
18.675323486328125
26.5970458984375
26.606454849243164
30.073383331298828
35.99585723876953
41.18449401855469
37.68933868408203
45.93094253540039
48.93687057495117
52.573150634765625
50.52686309814453
55.579078674316406
55.13218688964844
61.90140151977539
57.28196334838867
61.087589263916016
63.04920196533203
74.57427978515625
69.28685760498047
68.20960998535156
51.5523567199707
60.29259490966797
67.52281951904297
75.096435546875
66.83130645751953
72.8431625366211
80.8072280883789
80.65199279785156
82.32194519042969
84.222412109375
78.93028259277344
79.69705200195312
52.714271545410156
74.19794464111328
81.31526947021484
86.6356201171875
88.66780090332031
88.96414947509766
89.12879943847656
81.71981811523438
54.53476333618164
69.4561996459961
81.8515396118164
86.37689208984375
89.9190902709961
89.19465637207031
90.38008880615234
88.41377258300781
85.9158935546875
87.72227478027344
85.02210998535156
85.49722290039062
47.55856704711914
81.43757629394531
82.67005157470703
87.37886810302734
88.6819076538086
91.40088653564453
90.88343048095703
91.56082153320312
90.2154541015625
89.43927001953125
88.90300750732422
88.08448028564453
65.96575164794922
77.74954986572266
87.78813171386719
86.61209869384766
88.0938949584961
92.69921875
92.54398345947266
93.72001647949219
93.10847473144531
90.95869445800781
91.10452270507812
89.08646392822266
87.55762481689453
88.85595703125
89.51924133300781
91.33972930908203
68.39307403564453
80.71314239501953
89.7873764038086
91.53260040283203
93.09906768798828
94.38799285888672
93.44717407226562
92.6803970336914
90.97280883789062
91.19390106201172
92.11590576171875
73.79339599609375
81.67278289794922
87.7693099975586
92.48282623291016
93.4377670288086
95.42289733886719
94.01166534423828
94.63260650634766
92.20528411865234
89.13349914550781
86.90846252441406
81.32938385009766
88.08919525146484
92.51576232910156
94.0963363647461
94.59027099609375
96.22730255126953
95.94505310058594
93.64944458007812
92.45460510253906
92.93912506103516
86.54154205322266
87.44001770019531
87.3976821899414
84.92803192138672
90.417724609375
92.0688705444336
93.10377502441406
94.4350357055664
95.15946960449219
96.26493835449219
93.8658447265625
92.68511199951172
88.85595703125
91.57023620605469
92.46871185302734
89.55686950683594
81.70100402832031
90.58707427978516
93.41423797607422
94.08222961425781
95.3946762084961
96.4107666015625
97.28102111816406
95.75689697265625
94.98542022705078
94.83959197998047
93.56006622314453
93.73883056640625
91.87129974365234
82.3548812866211
90.51180267333984
93.26371002197266
93.82350158691406
95.48875427246094
96.81061553955078
96.66478729248047
94.77843475341797
97.06462860107422
94.53852844238281
94.7596206665039
93.40483856201172
87.98570251464844
91.39147186279297
76.85577392578125
86.88964080810547
90.82698059082031
94.86311340332031
95.45112609863281
96.55659484863281
96.9094009399414
94.82547760009766
97.04582214355469
92.66629028320312
92.2146987915039
91.22212219238281
90.61529541015625
88.69131469726562
86.79085540771484
92.46871185302734
94.34095764160156
95.76629638671875
95.8509750366211
96.420166015625
96.55659484863281
95.82275390625
94.980712890625
95.28177642822266
64.22993469238281
87.53410339355469
91.6972427368164
93.07554626464844
95.8509750366211
95.59224700927734
97.06462860107422
97.61031341552734
97.53034210205078
96.82472229003906
96.1285171508789
93.90347290039062
90.68115234375
92.04534912109375
68.6659164428711
87.21892547607422
89.68388366699219
94.51030731201172
95.74278259277344
96.62245178222656
97.7373275756836
97.61972045898438
97.29043579101562
97.13520050048828
96.15203857421875
95.17357635498047
94.35506439208984
75.81145477294922
86.3533706665039
90.61529541015625
93.34838104248047
95.8509750366211
97.25279998779297
96.19437408447266
97.26691436767578
96.00150299072266
96.3213882446289
95.85567474365234
93.99284362792969
95.62517547607422
96.29786682128906
96.9799575805664
96.34490966796875
95.93094635009766
62.6352424621582
88.30558013916016
91.86659240722656
94.29862213134766
96.69770812988281
97.04582214355469
96.85295104980469
97.28572845458984
96.58010864257812
97.64324188232422
97.63383483886719
96.13792419433594
96.51425170898438
94.1104507446289
89.12409210205078
89.048828125
89.53335571289062
93.5083236694336
94.72198486328125
96.96114349365234
97.32806396484375
97.7796630859375
98.10894775390625
97.13520050048828
96.805908203125
96.24141693115234
95.94035339355469
95.43230438232422
95.6298828125
94.6561279296875
91.2409439086914
81.68689727783203
90.56825256347656
93.90347290039062
94.74079895019531
96.805908203125
97.1304931640625
97.57737731933594
97.54915618896484
92.66158294677734
95.28177642822266
85.95352172851562
88.55960083007812
93.09906768798828
96.14733123779297
96.70712280273438
97.04582214355469
96.99407196044922
97.17753601074219
94.0963363647461
96.16144561767578
95.81803894042969
96.02032470703125
97.1728286743164
96.93291473388672
96.87647247314453
95.38526916503906
96.23200988769531
95.90742492675781
91.59845733642578
88.01392364501953
91.58434295654297
94.59968566894531
94.59027099609375
97.04582214355469
97.43626403808594
97.63853454589844
96.43428039550781
97.88785552978516
97.06462860107422
87.51528930664062
91.72076416015625
88.3291015625
92.76507568359375
95.72396087646484
96.88587951660156
97.42684936523438
97.5444564819336
97.47859954833984
97.97723388671875
97.99604797363281
97.15872192382812
93.91758728027344
84.18477630615234
90.22956085205078
93.10847473144531
96.41546630859375
97.40332794189453
97.2198715209961
97.57737731933594
97.04582214355469
98.34415435791016
96.41546630859375
97.03170776367188
88.35262298583984
92.24761962890625
94.96659851074219
96.59893035888672
96.68360137939453
97.60089874267578
96.4531021118164
97.57737731933594
97.03640747070312
97.12578582763672
88.12211608886719
85.23849487304688
90.07902526855469
92.88268280029297
95.03716278076172
96.00150299072266
97.37040710449219
97.12578582763672
97.83610534667969
97.79847717285156
97.01288604736328
97.50212097167969
96.30256652832031
96.81061553955078
97.26691436767578
93.20726013183594
95.893310546875
92.0218276977539
78.38931274414062
89.62272644042969
93.18374633789062
96.279052734375
96.88117218017578
97.27632141113281
98.17010498046875
97.26220703125
97.54915618896484
96.99877166748047
97.37510681152344
96.95173645019531
97.26691436767578
96.7870864868164
98.16539764404297
97.4127426147461
96.5707015991211
91.77250671386719
87.34123992919922
92.11590576171875
94.3644790649414
95.93094635009766
96.95643615722656
96.09558868408203
98.0148696899414
97.8502197265625
98.03367614746094
98.03367614746094
97.525634765625
98.1324691772461
96.87176513671875
94.48677825927734
88.51255798339844
78.02709197998047
89.73092651367188
92.36051940917969
94.8913345336914
96.75886535644531
96.72593688964844
97.43154907226562
97.83140563964844
97.64324188232422
97.8690414428711
87.97628784179688
91.26446533203125
90.55885314941406
94.7455062866211
95.3335189819336
96.88587951660156
97.37510681152344
98.28770446777344
97.60089874267578
98.22654724121094
97.77024841308594
97.41744232177734
97.06934356689453
96.90469360351562
94.4820785522461
91.9794921875
83.94486999511719
92.33699798583984
93.6729736328125
96.74475860595703
96.85765838623047
97.89726257324219
98.0007553100586
98.36767578125
98.0854263305664
96.7635726928711
97.50212097167969
82.69828033447266
88.32439422607422
92.17236328125
95.8321533203125
95.77570343017578
97.41744232177734
97.86433410644531
97.32335662841797
97.8502197265625
98.40060424804688
97.94429779052734
96.9094009399414
97.5867919921875
96.24141693115234
97.97723388671875
96.45780181884766
96.90469360351562
96.79180145263672
96.83413696289062
81.26822662353516
89.62272644042969
93.42365264892578
96.56599426269531
97.455078125
97.11167907714844
97.98193359375
98.19832611083984
98.19361877441406
98.3347396850586
97.28572845458984
96.93291473388672
97.01759338378906
95.87919616699219
97.15872192382812
98.01956939697266
98.39118957519531
93.04731750488281
95.41349792480469
97.16812133789062
93.85643005371094
85.97704315185547
91.38206481933594
94.14808654785156
95.63458251953125
97.15872192382812
96.64596557617188
97.73261260986328
98.3770751953125
98.12306213378906
97.7467269897461
97.94429779052734
97.53034210205078
97.76554870605469
97.29513549804688
84.81512451171875
90.89754486083984
93.64474487304688
95.18769073486328
97.28102111816406
97.98664093017578
98.05249786376953
97.7608413696289
97.99134826660156
98.48527526855469
98.33944702148438
97.3939208984375
97.37980651855469
92.4075698852539
92.83563995361328
89.9190902709961
94.10104370117188
89.70269775390625
93.46598815917969
95.37586212158203
97.37040710449219
97.6291275024414
97.84081268310547
97.8690414428711
97.98193359375
97.78436279296875
89.82500457763672
91.39147186279297
94.72669219970703
96.4813232421875
97.4127426147461
98.04779052734375
98.02897644042969
97.81258392333984
97.96311950683594
98.47116088867188
96.75886535644531
95.83686065673828
94.11985778808594
96.349609375
97.36569213867188
97.58208465576172
93.06143188476562
93.07084655761719
93.54595947265625
96.33079528808594
96.70242309570312
97.09285736083984
98.29711151123047
97.51622772216797
97.95841217041016
97.96781921386719
97.23397827148438
92.51576232910156
85.64305114746094
90.54473876953125
93.00028228759766
95.23003387451172
96.613037109375
96.9094009399414
97.47389221191406
96.8482437133789
97.36099243164062
98.3958969116211
97.68557739257812
97.8502197265625
97.36569213867188
97.6150131225586
97.60089874267578
97.42214965820312
94.22335052490234
92.75566864013672
89.34989166259766
93.35779571533203
95.16887664794922
87.12484741210938
92.55809783935547
95.08890533447266
96.2602310180664
97.28572845458984
98.16069030761719
98.09954071044922
98.16069030761719
97.13520050048828
97.0411148071289
97.54915618896484
96.94232940673828
96.02973175048828
96.94702911376953
96.31668090820312
86.08053588867188
89.97083282470703
93.4801025390625
94.94778442382812
96.2602310180664
97.13990020751953
97.37510681152344
98.2359619140625
97.65735626220703
98.01016235351562
98.17010498046875
97.31865692138672
97.8219985961914
97.72791290283203
94.68435668945312
92.26173400878906
89.2840347290039
92.41226959228516
95.46994018554688
96.08147430419922
97.07874298095703
97.53974914550781
97.68557739257812
97.6150131225586
97.76554870605469
97.50212097167969
97.07874298095703
93.64944458007812
83.01815795898438
92.3746337890625
94.64672088623047
96.06266021728516
97.44096374511719
96.65067291259766
97.18223571777344
97.67147064208984
97.69498443603516
98.02427673339844
97.73261260986328
98.22654724121094
94.18571472167969
96.60833740234375
95.94035339355469
97.19635009765625
97.61031341552734
96.32608795166016
84.49524688720703
88.84654998779297
93.21666717529297
95.47935485839844
96.08147430419922
96.82942962646484
97.81729125976562
97.6902847290039
97.43626403808594
97.05992889404297
97.65735626220703
98.15599060058594
94.787841796875
90.99163055419922
90.98692321777344
91.79602813720703
95.18769073486328
96.54718017578125
97.23397827148438
97.60560607910156
97.64794921875
97.34217834472656
91.47615051269531
89.79207611083984
93.61181640625
96.0250244140625
96.95173645019531
97.9395980834961
97.90666961669922
98.1324691772461
98.09483337402344
97.93019104003906
98.16539764404297
98.19832611083984
98.2782974243164
98.1465835571289
97.49270629882812
96.85765838623047
95.05127716064453
96.45780181884766
96.92351531982422
97.53504180908203
98.36767578125
98.12306213378906
98.72988891601562
98.08072662353516
82.3078384399414
89.60861206054688
92.78388977050781
95.28648376464844
96.03913879394531
96.85295104980469
97.20105743408203
97.98664093017578
98.53231811523438
97.97252655029297
98.0713119506836
97.19164276123047
98.09013366699219
96.2461166381836
96.35430908203125
97.20105743408203
98.06190490722656
97.88785552978516
96.7165298461914
96.97525787353516
82.14319610595703
91.31620788574219
93.48480987548828
95.61106872558594
96.16615295410156
96.58951568603516
97.56797790527344
97.8502197265625
98.35826873779297
96.49543762207031
97.66675567626953
88.25853729248047
91.3726577758789
93.7623519897461
96.1896743774414
96.9799575805664
97.92548370361328
98.09483337402344
97.59619903564453
97.63383483886719
97.66675567626953
97.99134826660156
98.31121826171875
96.49543762207031
94.67494201660156
95.15476989746094
95.17829132080078
97.44566345214844
97.79847717285156
82.32194519042969
92.27584838867188
95.2159194946289
96.41546630859375
97.02229309082031
97.57267761230469
98.09013366699219
97.69498443603516
98.47586822509766
98.02897644042969
96.64126586914062
92.43108367919922
91.9794921875
94.1574935913086
96.34020233154297
97.86433410644531
97.52093505859375
98.09013366699219
98.20773315429688
97.32335662841797
98.16069030761719
98.20773315429688
97.83140563964844
97.13990020751953
97.06934356689453
85.12089538574219
92.36051940917969
91.17508697509766
90.63411712646484
93.9787368774414
95.33822631835938
95.97328186035156
96.47191619873047
97.24809265136719
98.104248046875
97.97252655029297
97.77024841308594
91.14686584472656
95.27706909179688
94.81607055664062
96.74945831298828
98.05720520019531
91.43380737304688
86.42393493652344
92.85916137695312
94.1998291015625
96.85295104980469
97.57267761230469
97.55386352539062
98.1324691772461
97.78907012939453
98.59817504882812
97.86433410644531
97.72321319580078
96.57540893554688
95.01834869384766
97.09756469726562
97.8690414428711
98.51820373535156
95.81803894042969
97.00348663330078
97.66205596923828
97.67147064208984
95.15946960449219
96.47191619873047
97.75143432617188
97.41744232177734
97.99604797363281
98.28770446777344
98.24066162109375
98.0713119506836
97.71380615234375
97.45977783203125
86.6356201171875
87.69874572753906
93.58358764648438
93.90347290039062
96.31197357177734
96.96585083007812
97.97252655029297
97.75614166259766
98.27359008789062
97.82669830322266
97.13520050048828
97.64324188232422
97.64324188232422
98.19361877441406
97.56327056884766
97.66675567626953
97.23397827148438
86.17462158203125
91.28327941894531
94.05870056152344
96.14262390136719
96.98466491699219
97.60089874267578
97.85492706298828
97.33747100830078
98.42412567138672
98.84278869628906
98.45234680175781
98.35826873779297
97.34217834472656
92.52986907958984
88.49845123291016
91.59375762939453
94.65142822265625
95.27236938476562
95.82275390625
97.70439147949219
97.525634765625
97.88314819335938
98.2030258178711
98.3770751953125
98.3347396850586
98.1324691772461
98.52291107177734
98.46175384521484
93.6306381225586
91.81954956054688
88.54078674316406
92.5957260131836
95.01834869384766
95.73336791992188
97.13520050048828
97.25279998779297
97.8690414428711
98.37237548828125
98.21244049072266
97.01288604736328
97.97723388671875
87.80223846435547
91.69253540039062
93.37191009521484
94.93367004394531
96.23200988769531
97.51152038574219
96.79650115966797
97.25749969482422
97.8078842163086
97.88314819335938
98.06661224365234
97.85962677001953
98.0854263305664
98.40060424804688
98.65933227539062
97.41744232177734
94.1104507446289
95.43701171875
92.86856842041016
93.65415954589844
93.94110107421875
96.47191619873047
97.455078125
97.96311950683594
97.99604797363281
98.45234680175781
98.2171401977539
97.85492706298828
97.95841217041016
97.8925552368164
97.63383483886719
97.97723388671875
92.3322982788086
88.67720031738281
91.05748748779297
93.50362396240234
95.43701171875
95.32881927490234
97.26220703125
97.21516418457031
98.08072662353516
98.01956939697266
98.23125457763672
98.3065185546875
98.44764709472656
98.29711151123047
98.41471099853516
98.31593322753906
96.42958068847656
96.70712280273438
88.06096649169922
89.18524932861328
93.2448959350586
93.16492462158203
94.73609924316406
96.41546630859375
96.43428039550781
96.57540893554688
96.87647247314453
97.48800659179688
98.1136474609375
97.28102111816406
97.56797790527344
95.69573974609375
97.85492706298828
97.16342163085938
98.05720520019531
97.26691436767578
98.09013366699219
94.65142822265625
92.11590576171875
91.95597076416016
91.00103759765625
94.91485595703125
95.18769073486328
96.73534393310547
97.19164276123047
98.11835479736328
98.44764709472656
97.43154907226562
97.70439147949219
97.9537124633789
98.59347534179688
97.52093505859375
97.99134826660156
96.94232940673828
92.84504699707031
89.95201873779297
93.00028228759766
95.15006256103516
96.62245178222656
96.88587951660156
97.27161407470703
98.15599060058594
98.07601928710938
98.57465362548828
98.1748046875
98.44764709472656
98.12776184082031
93.99284362792969
90.8552017211914
92.29466247558594
92.4169692993164
92.1394271850586
93.38601684570312
95.43230438232422
96.8952865600586
97.19164276123047
98.05249786376953
97.73261260986328
97.61972045898438
98.52291107177734
97.98664093017578
97.85492706298828
97.51152038574219
97.60560607910156
91.87129974365234
89.40634155273438
93.41895294189453
95.42760467529297
96.69770812988281
96.97525787353516
97.27632141113281
97.31865692138672
98.104248046875
97.96781921386719
98.18421173095703
98.2359619140625
97.51622772216797
95.41349792480469
95.2629623413086
93.97403717041016
95.48875427246094
93.8329086303711
97.3515853881836
96.49543762207031
97.71380615234375
97.8219985961914
97.99604797363281
98.17010498046875
98.631103515625
98.31121826171875
97.8078842163086
94.03518676757812
83.4227066040039
90.7140884399414
94.19512939453125
96.07206726074219
96.14262390136719
97.1728286743164
97.44566345214844
97.73261260986328
97.98193359375
98.3347396850586
97.58208465576172
98.43353271484375
98.12306213378906
95.23003387451172
91.08100891113281
94.18571472167969
95.61576843261719
97.10226440429688
97.38921356201172
97.79847717285156
