4.322766304016113
11.984813690185547
25.547779083251953
21.037464141845703
24.30355453491211
28.61717414855957
27.720598220825195
31.22455406188965
34.10639953613281
35.08988571166992
39.33946228027344
39.568180084228516
47.41320037841797
44.7646484375
42.44544982910156
50.633548736572266
55.65618896484375
54.53547286987305
59.04121398925781
57.65975570678711
48.80380630493164
54.55377197265625
57.55455017089844
67.10122680664062
70.00137329101562
69.91902923583984
51.09098434448242
66.14518737792969
70.02424621582031
73.65628814697266
78.23063659667969
77.49874114990234
50.217281341552734
60.459266662597656
71.55664825439453
78.81157684326172
81.99533081054688
83.9485855102539
83.36763763427734
80.96153259277344
83.63752746582031
79.66241455078125
59.64503479003906
65.76551818847656
81.37779998779297
82.98796844482422
87.72242736816406
89.30973052978516
84.7994155883789
69.63085174560547
82.3567123413086
83.747314453125
89.46983337402344
88.94377899169922
89.45153045654297
88.83399200439453
86.73894500732422
47.568729400634766
70.8476333618164
80.38516235351562
87.65380859375
90.13768768310547
91.08457946777344
90.727783203125
58.780479431152344
76.593017578125
81.5333251953125
88.22103118896484
90.2154541015625
91.72499084472656
91.6289291381836
90.82841491699219
88.12954711914062
72.55386352539062
83.55519104003906
88.38570404052734
91.16691589355469
92.26018524169922
92.24646759033203
91.91253662109375
