7.8205132484436035
10.408356666564941
5.579297065734863
24.131053924560547
19.510921478271484
17.255460739135742
38.66571807861328
35.455841064453125
30.356124877929688
37.35042953491211
39.881290435791016
46.98005676269531
47.47863006591797
51.23456573486328
54.985755920410156
53.08641815185547
50.49382400512695
56.61918640136719
64.26875305175781
60.42734909057617
56.80437088012695
61.8661003112793
68.32858276367188
65.6552734375
72.91072845458984
76.52421569824219
52.663814544677734
57.141502380371094
75.40361022949219
80.03323364257812
77.78727722167969
80.01424407958984
85.0854721069336
56.1680908203125
67.68280792236328
79.86705017089844
82.98670959472656
84.92877197265625
83.974365234375
84.50142669677734
69.86229705810547
72.07501983642578
76.29629516601562
86.07312774658203
88.21937561035156
88.5612564086914
88.54701232910156
54.6771125793457
75.69800567626953
83.8224105834961
87.02753448486328
90.1471939086914
90.6077880859375
88.8698959350586
89.5394058227539
70.49857330322266
79.06932830810547
84.65811920166016
89.59163665771484
91.10636138916016
91.37702178955078
90.20417785644531
89.86705017089844
88.33333587646484
67.99620056152344
84.29724884033203
88.5042724609375
92.22222137451172
92.64482116699219
92.74453735351562
91.31053924560547
88.66571807861328
90.29914855957031
59.306739807128906
77.3456802368164
90.30389404296875
92.40740203857422
93.11016082763672
93.29059600830078
93.02468872070312
91.89933776855469
89.7103500366211
91.13484954833984
88.2716064453125
78.6514663696289
87.45014190673828
91.10161590576172
93.0484390258789
94.20227813720703
94.0265884399414
91.5052261352539
71.09211730957031
82.0180435180664
88.56600189208984
91.74739074707031
94.66287231445312
94.48243713378906
94.16903686523438
93.24786376953125
91.47198486328125
