5.884164810180664
7.3988494873046875
16.640993118286133
23.36722183227539
29.76483917236328
29.05113983154297
22.684329986572266
32.33723449707031
32.79934310913086
37.94926834106445
36.27541732788086
45.59971237182617
41.61018753051758
44.92708969116211
48.83446502685547
49.55842971801758
51.489013671875
54.939414978027344
58.73382568359375
65.55760955810547
67.89895629882812
62.641197204589844
46.32368087768555
61.675907135009766
63.49866485595703
73.06941986083984
76.11418914794922
73.03861236572266
51.0782470703125
67.67816162109375
78.17826843261719
81.33087158203125
81.20250701904297
82.3680419921875
78.59930419921875
60.238243103027344
74.69706726074219
81.33087158203125
85.29472351074219
87.90819549560547
87.4820327758789
84.99691772460938
62.10721206665039
70.4610824584961
80.27315521240234
85.9108657836914
87.80550384521484
88.60135650634766
89.23290252685547
89.43828582763672
82.23454284667969
67.5652084350586
78.37338256835938
86.38323974609375
89.71554565429688
90.71678161621094
90.92215728759766
89.50503540039062
89.06346893310547
54.91887283325195
80.17560577392578
85.30499267578125
91.08646392822266
91.13780975341797
92.32901763916016
90.3008804321289
90.3008804321289
89.5871810913086
86.0238265991211
60.80303955078125
82.64530944824219
87.10720825195312
91.51263427734375
91.99527740478516
93.56644439697266
92.8938217163086
87.21503448486328
66.76935577392578
83.18956756591797
91.0761947631836
92.70384216308594
93.09919738769531
93.91558837890625
92.99137878417969
92.54467010498047
89.49989318847656
67.12876892089844
84.1856689453125
90.6448974609375
93.35079193115234
94.0542221069336
94.2698745727539
92.16471099853516
91.37913513183594
92.52413177490234
78.97925567626953
90.22899627685547
91.85150909423828
94.40850067138672
94.45984649658203
4.511349678039551
17.16212272644043
23.459016799926758
6.4820966720581055
28.4215030670166
27.11558723449707
37.36347198486328
26.132587432861328
25.667205810546875
32.5909423828125
42.27846908569336
39.25823974609375
43.218727111816406
34.552188873291016
45.474403381347656
62.873966217041016
48.931522369384766
60.015193939208984
47.64459991455078
64.2511215209961
61.16440200805664
62.546302795410156
73.56349182128906
66.24085998535156
55.39462661743164
69.04739379882812
72.7039566040039
78.10333251953125
81.50347137451172
58.72352600097656
61.810237884521484
76.08984375
81.56995391845703
84.30050659179688
81.93085479736328
82.95659637451172
80.21654510498047
78.85364532470703
66.5780258178711
78.16981506347656
84.36223602294922
86.38996887207031
88.26573944091797
88.47943878173828
84.83236694335938
62.418087005615234
76.42700958251953
85.2977523803711
88.84984588623047
90.82059478759766
91.26697540283203
87.78611755371094
59.42634201049805
79.25729370117188
83.93959045410156
87.24949645996094
89.36270904541016
90.57365417480469
88.18501281738281
89.66188049316406
77.00636291503906
80.82438659667969
87.45369720458984
91.13876342773438
89.88983154296875
93.38018798828125
90.14151000976562
88.77861022949219
86.95982360839844
86.9930648803711
88.10428619384766
60.5280647277832
82.52445220947266
88.26099395751953
91.41419219970703
93.0667724609375
93.37543487548828
92.724853515625
91.50916290283203
79.68467712402344
81.0950698852539
91.38569641113281
92.40193939208984
93.52265167236328
94.43916320800781
92.65837097167969
89.68563079833984
89.56690979003906
90.99154663085938
91.76084899902344
73.3687973022461
80.90512084960938
87.52017974853516
93.17598724365234
92.93854522705078
94.64811706542969
91.73236083984375
92.9765396118164
91.81784057617188
92.2024917602539
