1.1478031873703003
10.880609512329102
12.042525291442871
20.70749855041504
23.139524459838867
20.41114044189453
28.40812873840332
28.53984260559082
32.50070571899414
34.490543365478516
40.897544860839844
44.03048324584961
44.73609924316406
47.98664093017578
53.15645980834961
59.610496520996094
58.735538482666016
59.16831588745117
50.188167572021484
47.713802337646484
60.824161529541016
59.690467834472656
69.00460815429688
75.53861999511719
79.17019653320312
78.71389770507812
56.167091369628906
60.471351623535156
69.78079223632812
77.76836395263672
81.8985824584961
85.32317352294922
74.43785858154297
52.68134307861328
72.84786987304688
81.47521209716797
83.72847747802734
88.24913024902344
86.74851989746094
87.0919189453125
84.59403228759766
63.60429000854492
52.6578254699707
74.38140869140625
82.75943756103516
86.54154205322266
89.01119995117188
89.95201873779297
89.80619049072266
87.73167419433594
88.28205871582031
89.34989166259766
84.89039611816406
47.83610916137695
70.83451080322266
82.03499603271484
88.27735137939453
89.9190902709961
92.36522674560547
91.32561492919922
90.49299621582031
92.90149688720703
87.71286010742188
89.66976928710938
85.21027374267578
68.44011688232422
80.9671630859375
88.34320831298828
92.11590576171875
91.90422058105469
93.28252410888672
93.0238037109375
91.7442855834961
91.87129974365234
90.33775329589844
88.39495849609375
87.59996032714844
90.36127471923828
84.8104248046875
70.99915313720703
86.0899429321289
91.22212219238281
93.87054443359375
94.3033218383789
93.81879425048828
94.60908508300781
93.9787368774414
91.44792175292969
90.34716796875
90.56355285644531
91.43852233886719
90.56825256347656
62.39063262939453
85.7230224609375
90.7234878540039
93.03791809082031
95.3476333618164
94.45384979248047
96.33079528808594
92.80741119384766
