6.424328804016113
21.406511306762695
18.279876708984375
24.14825439453125
31.142789840698242
20.817296981811523
32.9912109375
29.02827262878418
33.442623138427734
37.205989837646484
47.83559036254883
39.10667419433594
45.32667922973633
47.12758255004883
48.43906021118164
55.642669677734375
60.256595611572266
54.183895111083984
54.91090393066406
65.45022583007812
62.974578857421875
60.69375228881836
56.669044494628906
56.40294647216797
70.2779769897461
75.69969177246094
73.66595458984375
78.16583251953125
71.17605590820312
48.11594009399414
69.00926971435547
77.54811096191406
78.97837829589844
84.64718627929688
81.62509155273438
81.83892059326172
81.1071548461914
60.03801345825195
75.84224700927734
65.65454864501953
83.68733215332031
86.15348052978516
85.6593017578125
86.94226837158203
80.95509338378906
58.636253356933594
67.60275268554688
83.44975280761719
89.15657043457031
88.99501037597656
89.3371353149414
88.83820343017578
83.77761840820312
67.90211486816406
80.35637664794922
86.50985717773438
89.47968292236328
90.57258605957031
92.13590240478516
89.88833618164062
88.70040130615234
85.1983871459961
76.82109832763672
85.55001068115234
90.56783294677734
91.48016357421875
91.99810028076172
91.4326400756836
89.16131591796875
60.15205383300781
83.90116882324219
87.5362319946289
90.7388916015625
93.49964141845703
91.48016357421875
93.80850982666016
89.54145812988281
89.15657043457031
83.09812927246094
76.3839340209961
88.23948669433594
91.2520751953125
91.53243255615234
92.42575073242188
92.38298797607422
91.65597534179688
91.50392150878906
87.91162109375
83.44975280761719
84.62342834472656
89.20883178710938
94.24566650390625
94.20289611816406
94.12211608886719
93.72297668457031
90.64385986328125
89.77904510498047
68.89522552490234
87.973388671875
91.0477523803711
