2.3661680221557617
8.138113021850586
11.289867401123047
11.341612815856934
15.979866981506348
14.846176147460938
21.173206329345703
24.78596305847168
23.40765953063965
26.813434600830078
28.47398567199707
33.8460807800293
22.480947494506836
26.959260940551758
26.926332473754883
29.43832778930664
36.58858108520508
36.52742385864258
44.80195617675781
44.31272888183594
40.34246063232422
43.64004135131836
47.657352447509766
55.63552474975586
56.421112060546875
63.21855163574219
56.08241653442383
60.33963394165039
37.378868103027344
49.346126556396484
57.065574645996094
62.01430130004883
70.40643310546875
68.80233001708984
71.60128021240234
71.92585754394531
67.99322509765625
41.35854721069336
53.20349884033203
66.96773529052734
72.34452819824219
71.73770141601562
78.14939880371094
75.84439086914062
71.253173828125
51.24658966064453
59.91156005859375
68.69413757324219
77.87185668945312
79.47595977783203
78.98673248291016
77.66017150878906
78.73741149902344
74.64483642578125
76.94044494628906
72.10462188720703
52.19681930541992
69.06576538085938
75.2987060546875
82.27490997314453
84.48583984375
86.3298568725586
84.6363754272461
82.27960968017578
81.80919647216797
77.75425720214844
77.45790100097656
78.34697723388672
77.48612213134766
53.3775520324707
71.4178237915039
78.8362045288086
81.74333953857422
82.51951599121094
85.97233581542969
87.36946105957031
86.01467895507812
82.99463653564453
83.71907043457031
81.93151092529297
71.31903076171875
65.33069610595703
76.95455932617188
83.7943344116211
86.38629913330078
89.03942108154297
88.92652130126953
89.68388366699219
85.91118621826172
85.90177917480469
85.66657257080078
82.52423095703125
83.06990051269531
83.84137725830078
81.29645538330078
83.38978576660156
64.3193130493164
80.07808685302734
85.56307983398438
89.47689819335938
88.80421447753906
90.94928741455078
90.03668975830078
88.94063568115234
86.58387756347656
85.40784454345703
86.4004135131836
82.4865951538086
83.51209259033203
85.09737396240234
85.46900177001953
86.72969818115234
86.3721923828125
69.79959869384766
82.41603088378906
87.49647521972656
89.47689819335938
90.93988037109375
91.5655288696289
91.83836364746094
89.17113494873047
89.66506958007812
87.78813171386719
85.1632308959961
84.36823272705078
86.2828140258789
85.12089538574219
89.27932739257812
87.37886810302734
88.79010009765625
87.5058822631836
86.5462417602539
58.693199157714844
77.88127136230469
86.8990478515625
88.93122863769531
92.2146987915039
93.38601684570312
91.50437927246094
90.46476745605469
88.51726531982422
89.72151947021484
87.49176788330078
88.8136215209961
87.9151382446289
88.07508087158203
87.12955474853516
88.6819076538086
88.39495849609375
86.0899429321289
68.6188735961914
80.99068450927734
88.9876708984375
89.31696319580078
90.80816650390625
92.32289123535156
92.54398345947266
92.05945587158203
91.21272277832031
90.94928741455078
90.52591705322266
89.85323333740234
87.99981689453125
84.86216735839844
69.59732818603516
81.51754760742188
82.3548812866211
86.94609069824219
90.62000274658203
92.050048828125
91.21742248535156
92.435791015625
93.00028228759766
91.27857971191406
91.40088653564453
91.03866577148438
90.34716796875
89.05353546142578
88.56900787353516
84.3117904663086
79.01966857910156
76.18309020996094
84.5752182006836
88.85595703125
90.69526672363281
92.73214721679688
93.4801025390625
93.62593078613281
91.94185638427734
91.17037963867188
89.50041961669922
89.01589965820312
89.73092651367188
56.98560333251953
78.17292022705078
85.68538665771484
89.20406341552734
90.8552017211914
92.57691192626953
92.13472747802734
92.79800415039062
91.8289566040039
92.63336181640625
90.08373260498047
90.2577896118164
89.99435424804688
90.66704559326172
89.61802673339844
82.80177307128906
83.9260482788086
89.08175659179688
90.79405975341797
92.90620422363281
93.98814392089844
93.61652374267578
92.91090393066406
91.10452270507812
90.29541778564453
88.70542907714844
87.24244689941406
66.40323638916016
77.78718566894531
86.66854858398438
89.44397735595703
91.77250671386719
92.97676086425781
92.38404846191406
93.75764465332031
92.93912506103516
91.53260040283203
91.6831283569336
92.05475616455078
91.00103759765625
89.29344177246094
89.01119995117188
89.44397735595703
88.95004272460938
91.62667846679688
92.2005844116211
86.19342803955078
78.09294891357422
85.64775848388672
90.62000274658203
91.25505828857422
92.56279754638672
93.34368133544922
94.16690826416016
93.99755859375
92.73685455322266
90.75642395019531
89.17583465576172
91.8901138305664
92.18647003173828
91.02455139160156
92.4075698852539
91.33972930908203
90.40831756591797
90.62471008300781
69.84664916992188
78.77034759521484
85.06915283203125
90.18722534179688
91.17508697509766
92.72274017333984
93.03321075439453
93.7435302734375
93.11317443847656
93.41423797607422
89.697998046875
89.25110626220703
89.52394104003906
91.42910766601562
91.43852233886719
91.3726577758789
77.77307891845703
85.6336441040039
90.48828125
91.77250671386719
92.6803970336914
94.08222961425781
93.47069549560547
92.99557495117188
94.09163665771484
88.90770721435547
91.14686584472656
92.6803970336914
93.4801025390625
91.60315704345703
89.6556625366211
92.4169692993164
90.38479614257812
90.28131103515625
91.16567993164062
91.76309967041016
67.65923309326172
83.74259185791016
83.25336456298828
89.55686950683594
90.9775161743164
92.62395477294922
