1.8343167304992676
17.281917572021484
25.245872497558594
24.811307907104492
26.28882598876953
23.63112449645996
27.949316024780273
42.61470031738281
36.77782440185547
43.53872299194336
36.60857391357422
48.4104118347168
46.63098907470703
47.43149948120117
47.20735549926758
43.68052673339844
57.284664154052734
65.18914794921875
61.80412673950195
53.5519905090332
52.80179214477539
58.40538024902344
65.93934631347656
72.83290100097656
74.5802993774414
79.10891723632812
44.856136322021484
48.32807159423828
72.04153442382812
76.88578033447266
79.97347259521484
84.54325103759766
80.74195861816406
85.362060546875
81.39608764648438
37.2901496887207
64.64022064208984
69.10022735595703
78.66062927246094
86.68862915039062
87.21009826660156
88.0289077758789
87.22382354736328
87.95571899414062
81.84437561035156
52.34893035888672
73.04331970214844
81.6613998413086
85.30716705322266
87.72700500488281
90.5036392211914
89.38291931152344
67.56781005859375
71.32793426513672
80.14271545410156
86.7618179321289
91.33616638183594
91.08000183105469
90.19715118408203
90.59970092773438
90.15141296386719
86.40958404541016
59.750240325927734
80.80142974853516
82.44819641113281
90.11939239501953
90.96564483642578
91.02053833007812
91.2035140991211
90.20172882080078
90.2154541015625
78.39988708496094
68.78459167480469
77.13736724853516
87.38849639892578
92.40657043457031
92.22816467285156
93.15219116210938
93.65994262695312
91.3270263671875
90.16513061523438
72.11015319824219
87.65380859375
89.58419036865234
92.73135375976562
93.22537994384766
93.44036865234375
90.8924560546875
90.2657699584961
89.86322784423828
89.62535858154297
88.9026107788086
89.26856231689453
89.56588745117188
55.93064880371094
78.04766082763672
87.62178802490234
91.02053833007812
92.7679443359375
94.16311645507812
93.87950897216797
93.3077163696289
93.77429962158203
92.69932556152344
91.72499084472656
69.90074157714844
86.72979736328125
91.58776092529297
93.26654815673828
93.6462173461914
93.91610717773438
94.89044189453125
92.79996490478516
93.05612182617188
91.79817962646484
90.44416809082031
69.74520874023438
85.59535217285156
91.76158142089844
93.36717987060547
93.71025848388672
94.61598205566406
94.5839614868164
95.60404205322266
93.65536499023438
92.255615234375
90.61341857910156
89.37377166748047
86.10768127441406
84.07209014892578
90.05077362060547
92.65815734863281
93.07442474365234
96.0843505859375
94.42842864990234
94.05333709716797
93.97099304199219
93.42207336425781
91.38191223144531
92.40657043457031
87.7498779296875
70.4999771118164
88.02433776855469
92.46603393554688
94.27748107910156
94.17227172851562
95.56744384765625
95.8053207397461
96.30392456054688
93.31229400634766
