1.1024198532104492
10.484424591064453
18.14647102355957
20.04940414428711
18.6313533782959
25.305339813232422
30.927223205566406
27.322629928588867
25.122365951538086
36.32038879394531
44.43986892700195
40.794105529785156
43.36947250366211
40.1033821105957
50.82109451293945
45.26782989501953
57.1199836730957
49.27039337158203
55.747676849365234
60.18022918701172
57.37615203857422
64.32917022705078
69.43872833251953
77.81436920166016
77.53076171875
71.54293060302734
59.00004577636719
49.83303451538086
66.44709777832031
75.12464904785156
80.083251953125
81.95416259765625
83.0337142944336
83.38594055175781
55.701934814453125
60.19395065307617
73.61053466796875
82.1234130859375
87.58976745605469
86.7526626586914
87.06829833984375
85.92928314208984
85.37578582763672
39.18851089477539
66.03997802734375
80.51781463623047
84.70335388183594
87.48456573486328
88.58698272705078
89.48812866210938
89.39664459228516
86.57884216308594
64.68597412109375
68.83491516113281
81.94959259033203
87.26042175292969
89.19994354248047
93.1064453125
90.48991394042969
91.4322280883789
88.5137939453125
72.88778686523438
83.16179656982422
86.97223663330078
92.02232360839844
91.26297760009766
92.00860595703125
90.17427825927734
89.08101654052734
85.43067932128906
70.80646514892578
81.34577178955078
87.2649917602539
91.59233856201172
93.53643798828125
92.4797592163086
92.49347686767578
92.47518157958984
88.57782745361328
79.40167236328125
72.47610473632812
85.84693908691406
91.00224304199219
92.0314712524414
93.72398376464844
93.77429962158203
92.27391815185547
91.9674301147461
90.4167251586914
90.65916442871094
61.85901641845703
84.13155364990234
89.50643157958984
90.99309539794922
93.2436752319336
94.20429229736328
93.8978042602539
94.62055206298828
93.07442474365234
90.50820922851562
