3.2843875885009766
17.698183059692383
19.450162887573242
19.491331100463867
17.396276473999023
26.499244689941406
32.53282165527344
37.40908432006836
36.05965042114258
38.465763092041016
41.274417877197266
50.57408142089844
53.016788482666016
48.259456634521484
50.18983459472656
49.444217681884766
56.08160400390625
58.19953155517578
58.27729797363281
64.94213104248047
71.47431182861328
72.18334197998047
71.40570068359375
48.5247688293457
61.36956024169922
68.40034484863281
77.81436920166016
82.22405242919922
82.26522064208984
82.86903381347656
80.01921081542969
44.046478271484375
57.72837448120117
63.917476654052734
79.93687438964844
84.16815185546875
85.9613037109375
86.90361785888672
87.96944427490234
85.51759338378906
49.76899719238281
69.40670776367188
80.09697723388672
85.71885681152344
88.44517517089844
91.82105255126953
85.80577087402344
59.81428146362305
78.91679382324219
86.02991485595703
89.94098663330078
93.58675384521484
90.13768768310547
89.68482971191406
89.5018539428711
88.77910614013672
54.76419448852539
74.20977783203125
83.35848999023438
89.4423828125
92.04977416992188
93.87950897216797
92.77709197998047
93.59590148925781
89.2182388305664
88.21646118164062
70.51370239257812
81.63853454589844
89.37834167480469
91.67924499511719
93.43579864501953
93.17963409423828
93.75143432617188
90.18343353271484
89.88610076904297
88.504638671875
69.3884048461914
83.61465454101562
91.42765045166016
92.50720977783203
94.47875213623047
94.36897277832031
92.27848815917969
93.29399108886719
92.74507141113281
91.52371978759766
89.95471954345703
88.13412475585938
91.24010467529297
90.5173568725586
90.96564483642578
91.17607116699219
72.84661865234375
86.17172241210938
92.15040588378906
92.72219848632812
94.044189453125
93.77429962158203
96.39083099365234
93.5684585571289
