0.09059419482946396
5.707434177398682
9.83746337890625
15.113243103027344
20.628829956054688
17.553956985473633
27.002397537231445
20.937915802001953
27.732479095458984
27.823076248168945
28.084199905395508
32.05435562133789
46.50679397583008
39.008792877197266
34.01012420654297
47.60991287231445
43.7303466796875
47.66853332519531
52.272850036621094
54.92139434814453
54.18598556518555
56.877166748046875
58.48121643066406
60.23448181152344
49.65627670288086
61.29496765136719
65.30775451660156
67.21023559570312
59.64295196533203
63.92219543457031
71.60138702392578
69.86943817138672
70.743408203125
73.47721862792969
69.57101440429688
72.36344146728516
71.44683837890625
74.54303741455078
74.59099578857422
39.898746490478516
65.1105728149414
77.33546447753906
81.2256851196289
80.36770629882812
80.64481353759766
80.41566467285156
79.54170227050781
80.2504653930664
78.25206756591797
48.91553497314453
74.81481170654297
80.09059143066406
86.00053405761719
84.23661041259766
86.4215316772461
84.77484893798828
80.31441497802734
83.88489532470703
83.42659759521484
84.16732788085938
82.3661117553711
84.19931030273438
85.80335998535156
70.22648620605469
79.83480072021484
86.51212310791016
87.68984985351562
89.26192474365234
88.75566101074219
87.84971618652344
88.29736328125
85.33439636230469
87.35411834716797
85.34506225585938
87.71116638183594
86.0804672241211
88.46256256103516
72.7737808227539
79.74420166015625
88.45722961425781
90.22115325927734
92.12895965576172
91.39888000488281
89.55502319335938
89.27790832519531
89.48041534423828
88.63309478759766
88.68638610839844
88.67039489746094
89.06475067138672
88.947509765625
88.33999633789062
59.31255340576172
79.16333770751953
86.70929718017578
91.55875396728516
92.20890045166016
93.8076171875
93.33333587646484
91.7772445678711
