0.4254150986671448
9.651890754699707
21.586387634277344
12.565755844116211
27.377521514892578
27.825809478759766
33.75874710083008
31.517314910888672
35.59306716918945
36.40729904174805
37.052284240722656
40.55167007446289
35.327754974365234
39.77402877807617
44.76922607421875
50.56950378417969
46.37024688720703
53.24093246459961
51.69479751586914
58.87653732299805
48.12222671508789
51.15045166015625
59.109832763671875
68.7342758178711
72.65907287597656
72.45780181884766
54.558349609375
45.38676071166992
57.63688659667969
66.70783996582031
69.29235076904297
72.3388671875
68.23109436035156
60.78404235839844
70.57316589355469
74.21892547607422
77.04130554199219
79.1958236694336
52.11106491088867
63.97694396972656
68.28141021728516
77.4804458618164
79.41539764404297
83.09317779541016
81.77118682861328
54.681854248046875
65.91189575195312
76.02122497558594
82.16458892822266
84.80398559570312
82.16458892822266
75.49974822998047
52.673709869384766
62.897396087646484
77.3935317993164
82.23320007324219
87.91912841796875
84.9640884399414
82.76382446289062
82.59000396728516
70.91166687011719
64.62650299072266
76.3414306640625
81.60194396972656
86.35926818847656
88.6510238647461
85.77375793457031
86.00247192382812
78.88019561767578
55.55097961425781
70.40391540527344
82.47564697265625
87.29701232910156
88.8431396484375
87.78189086914062
89.77631378173828
86.28607940673828
84.56612396240234
55.51438903808594
70.39476776123047
83.24413299560547
88.23932647705078
88.83856964111328
88.13412475585938
90.467041015625
88.96665954589844
84.72164916992188
81.39151763916016
82.84616088867188
64.8049087524414
77.06417846679688
85.42152404785156
87.83678436279297
90.24746704101562
90.81011962890625
91.26297760009766
88.3902816772461
84.68048095703125
59.69992446899414
79.19125366210938
85.94757843017578
89.38291931152344
90.69575500488281
89.76716613769531
90.67288970947266
90.28406524658203
86.40043640136719
85.24313354492188
53.40103530883789
79.07231903076172
83.77018737792969
90.64544677734375
91.03426361083984
91.92168426513672
90.23374938964844
87.4616928100586
87.7041244506836
83.99433135986328
65.5322265625
79.87283325195312
83.68327331542969
89.94098663330078
91.55574035644531
90.16970825195312
90.90618133544922
89.37377166748047
86.6657485961914
53.45592498779297
75.12007904052734
84.08123779296875
87.89625549316406
90.49449157714844
91.08000183105469
92.39742279052734
90.8558578491211
89.85865020751953
87.84136199951172
85.70056915283203
66.91368103027344
75.08805084228516
81.27716064453125
85.29344177246094
88.0517807006836
90.53565979003906
91.89424133300781
90.81468963623047
90.74150085449219
90.48991394042969
90.553955078125
83.64210510253906
72.8008804321289
73.76148986816406
81.19482421875
88.2256088256836
89.5887680053711
91.86222076416016
92.40657043457031
91.51457214355469
91.81190490722656
86.27693176269531
86.58341217041016
67.88802337646484
79.45198822021484
86.29522705078125
86.78926086425781
90.11481475830078
91.84391784667969
92.07263946533203
91.9445571899414
90.98851776123047
91.23095703125
87.67668914794922
87.79104614257812
84.8131332397461
70.95741271972656
78.08882904052734
85.6502456665039
89.44696044921875
91.74786376953125
92.429443359375
92.51177978515625
92.67645263671875
91.95370483398438
88.6281509399414
59.49864959716797
73.02959442138672
82.71350860595703
88.23475646972656
90.93362426757812
90.90160369873047
92.8823013305664
91.54659271240234
91.53743743896484
90.05992126464844
90.62256622314453
87.41594696044922
59.58098602294922
76.66621398925781
83.00627136230469
88.53208923339844
