1.6238964796066284
10.667398452758789
13.530945777893066
25.05832290649414
24.04738998413086
20.543434143066406
27.377521514892578
32.87590026855469
29.916290283203125
32.541969299316406
35.323177337646484
39.98444747924805
41.21037292480469
51.50725173950195
59.81428146362305
54.338775634765625
54.83738327026367
53.863040924072266
61.57083511352539
61.28722381591797
71.72132873535156
71.54750061035156
74.41104888916016
72.15132141113281
45.528568267822266
67.07378387451172
70.10658264160156
78.65148162841797
80.79227447509766
80.98897552490234
83.20753479003906
47.57330322265625
62.348472595214844
74.43392181396484
82.35213470458984
86.51022338867188
86.70234680175781
87.063720703125
88.07007598876953
84.21847534179688
53.89506149291992
61.113399505615234
77.32491302490234
84.78569030761719
88.77452850341797
90.90618133544922
92.0543441772461
91.61978149414062
89.15877532958984
88.67389678955078
88.0792236328125
57.0056266784668
71.67101287841797
80.50409698486328
88.85687255859375
89.89981842041016
91.98572540283203
92.88687896728516
92.17327880859375
90.96564483642578
89.51557159423828
91.0159683227539
88.3399658203125
88.86144256591797
90.20172882080078
87.45254516601562
89.40579223632812
46.16440200805664
78.82987976074219
85.81949615478516
91.1806411743164
93.2299575805664
94.79438018798828
95.10543823242188
95.1832046508789
93.06985473632812
91.05713653564453
92.0543441772461
90.293212890625
89.20452117919922
75.5775146484375
87.7041244506836
92.73135375976562
94.66630554199219
94.89044189453125
95.05055236816406
95.42564392089844
92.78166961669922
90.94277954101562
91.97657775878906
92.18242645263672
91.53286743164062
91.72499084472656
92.78623962402344
91.82105255126953
58.936004638671875
80.35771179199219
85.09674835205078
92.01774597167969
93.77887725830078
