9.075366973876953
15.814217567443848
33.72275161743164
23.398395538330078
24.6188907623291
34.610816955566406
34.254642486572266
34.401859283447266
28.707794189453125
34.487342834472656
42.58441162109375
43.5009765625
47.47589874267578
51.441322326660156
55.21204376220703
55.75343322753906
53.03224182128906
63.085906982421875
53.50239944458008
65.61713409423828
69.56356811523438
67.8111801147461
44.688228607177734
58.95426940917969
71.1212387084961
76.00322723388672
80.68576049804688
56.34706115722656
64.4013900756836
71.09749603271484
68.36681365966797
76.55411529541016
82.30516815185547
81.47884368896484
84.00531768798828
51.821250915527344
72.05204772949219
81.6023178100586
85.9619140625
87.16815948486328
83.492431640625
84.21427917480469
50.78596496582031
75.79902648925781
84.2712631225586
87.34862518310547
87.84252166748047
88.136962890625
87.74279022216797
86.92121887207031
82.72782897949219
85.81944274902344
66.00180053710938
74.91571044921875
87.32012939453125
89.36221313476562
90.17903900146484
90.60645294189453
90.91988372802734
86.17562103271484
61.4379997253418
77.01001739501953
86.64102172851562
89.59490966796875
91.88868713378906
90.92462921142578
90.52096557617188
88.65460205078125
86.11388397216797
76.9245376586914
88.2936782836914
90.43548583984375
93.06169128417969
92.65802764892578
84.0433120727539
83.70613098144531
88.90155792236328
92.75775909423828
92.25910949707031
93.44161224365234
92.34933471679688
70.0052261352539
86.65052032470703
86.52704620361328
91.74147033691406
94.08747863769531
93.83577728271484
93.60307312011719
91.18582916259766
88.88256072998047
89.97957611083984
90.511474609375
90.76316833496094
55.710689544677734
84.0338134765625
90.57320404052734
93.56034088134766
93.52234649658203
95.23199462890625
94.60987091064453
