2.1291141510009766
16.88153076171875
17.41381072998047
17.633556365966797
29.553667068481445
21.501121520996094
38.724483489990234
33.90956115722656
36.76140213012695
37.68922805786133
27.322002410888672
24.499462127685547
37.259498596191406
49.03310775756836
40.92684555053711
46.283817291259766
41.34192657470703
63.22883224487305
53.04228591918945
54.29241180419922
59.82029342651367
65.87068939208984
63.7562255859375
72.11641693115234
54.131263732910156
65.2114486694336
72.44359588623047
75.14894104003906
74.85594177246094
78.34261322021484
74.47016143798828
54.67818832397461
64.57173919677734
78.7821044921875
82.2394790649414
83.7679443359375
84.7836685180664
86.2584228515625
82.15646362304688
44.335384368896484
78.62095642089844
83.06963348388672
85.75544738769531
85.62847900390625
87.07393646240234
87.513427734375
83.12823486328125
82.62525939941406
84.16349029541016
62.93583679199219
73.93299865722656
83.38216400146484
87.41088104248047
91.08311462402344
90.2187728881836
88.88563537597656
88.14825439453125
86.43910217285156
87.65504455566406
86.94208526611328
83.7825927734375
74.91454315185547
84.7446060180664
89.04678344726562
91.11730194091797
92.05977630615234
92.59204864501953
91.19542694091797
90.66803741455078
88.85633087158203
87.36204528808594
87.69410705566406
74.06973266601562
84.82762145996094
90.9854507446289
92.18185424804688
93.7933349609375
92.18673706054688
91.36634826660156
91.0245132446289
90.57036590576172
62.208221435546875
85.33059692382812
89.41790771484375
92.22579956054688
94.16935729980469
93.7493896484375
93.62731170654297
92.05977630615234
91.14171600341797
91.12705993652344
91.32239532470703
91.29798126220703
91.43470764160156
88.7684326171875
83.34798431396484
86.78093719482422
91.93280029296875
94.7651138305664
94.41840362548828
