2.063034772872925
7.433328628540039
13.050638198852539
12.250125885009766
20.703536987304688
23.626548767089844
25.803943634033203
30.369150161743164
23.548784255981445
33.438541412353516
33.76789855957031
43.29170608520508
36.54910659790039
34.943504333496094
40.47390365600586
45.47367477416992
48.1862678527832
50.02973175048828
45.30442428588867
61.33296585083008
56.333194732666016
60.26714324951172
48.24115753173828
65.36297607421875
60.559898376464844
64.66310119628906
53.56113815307617
67.05091094970703
68.41864776611328
72.81002044677734
75.98920440673828
70.39476776123047
53.95452880859375
52.079044342041016
71.70760345458984
80.28910064697266
80.69622039794922
83.39051055908203
78.77498626708984
69.13224792480469
67.6089859008789
81.31832885742188
82.49393463134766
80.6230239868164
84.25506591796875
83.78390502929688
55.50981140136719
67.67759704589844
78.91679382324219
83.84794616699219
83.4591293334961
87.05914306640625
85.448974609375
83.86624145507812
49.366451263427734
72.11930084228516
75.08805084228516
84.09038543701172
87.77274322509766
87.98773956298828
88.07007598876953
88.43602752685547
86.85787200927734
81.2451400756836
67.31623077392578
81.25886535644531
86.79840850830078
88.93463134765625
90.0416259765625
90.44874572753906
89.91812133789062
88.7379379272461
58.9085578918457
75.5271987915039
85.37120819091797
90.1559829711914
91.39563751220703
92.2190170288086
90.90160369873047
88.81112670898438
62.03284454345703
84.13155364990234
88.7379379272461
90.66373443603516
91.05713653564453
90.87416076660156
90.6774673461914
90.54022979736328
88.66931915283203
86.3775634765625
68.0481185913086
85.26142120361328
89.34175109863281
91.63807678222656
92.56666564941406
92.96463775634766
92.45230865478516
59.13727951049805
81.94501495361328
85.08760070800781
