2.1828103065490723
16.882675170898438
20.958391189575195
20.00909423828125
24.99431610107422
23.243518829345703
33.58913040161133
32.315826416015625
32.020233154296875
37.76148223876953
36.800819396972656
42.36016082763672
43.50841522216797
43.8892707824707
54.7862663269043
53.80855178833008
52.31355285644531
47.6637077331543
43.514095306396484
62.460208892822266
60.351295471191406
65.03524017333984
69.1109619140625
66.22328186035156
45.87881088256836
60.64120101928711
65.86516571044922
75.50591278076172
79.6668930053711
82.85015869140625
80.97998809814453
83.0036392211914
48.37994384765625
60.27739715576172
68.88358306884766
77.41018676757812
83.90177154541016
85.5957260131836
87.34652709960938
83.73123931884766
85.55024719238281
51.216461181640625
70.61164093017578
80.70713806152344
84.85675811767578
88.38676452636719
88.34697723388672
88.23328399658203
87.27830505371094
86.38017272949219
56.1789436340332
73.3969955444336
81.00273132324219
84.7430648803711
89.96703338623047
89.7169189453125
90.14893341064453
89.93292236328125
88.55162048339844
85.7264633178711
70.41837310791016
81.09935760498047
88.17643737792969
91.08116912841797
92.24647521972656
91.933837890625
91.251708984375
90.20008850097656
86.39722442626953
73.69827270507812
76.5234146118164
85.0216064453125
91.02433013916016
92.8490219116211
93.32083129882812
93.7301025390625
93.69031524658203
89.69986724853516
89.73397064208984
65.40473175048828
81.8099136352539
88.31855773925781
91.97930908203125
93.64483642578125
93.63915252685547
92.07594299316406
92.89449310302734
91.66667175292969
90.67758178710938
88.63119506835938
88.17076110839844
77.5181884765625
87.31240844726562
91.56434631347656
93.26966857910156
93.57093811035156
95.0659408569336
93.75284576416016
94.13369750976562
92.88312530517578
