10.351768493652344
7.433328628540039
20.337587356567383
23.786651611328125
24.779287338256836
19.459312438964844
17.94519805908203
23.08220100402832
16.787887573242188
36.01848220825195
31.1513671875
41.95599365234375
41.224098205566406
41.224098205566406
46.036319732666016
42.93033218383789
46.4846076965332
50.052608489990234
53.46507263183594
58.47856903076172
53.21348190307617
46.98778533935547
66.65293884277344
64.52586364746094
67.8605728149414
55.276519775390625
61.5982780456543
63.03919982910156
73.87584686279297
76.03494262695312
56.049583435058594
58.19038772583008
67.93833923339844
68.70225524902344
72.30684661865234
80.12442016601562
82.65861511230469
81.63853454589844
56.859249114990234
67.16069793701172
79.06317138671875
82.41617584228516
84.31910705566406
84.46548461914062
83.2349853515625
43.968711853027344
73.4778823852539
75.92973327636719
83.486572265625
85.8743896484375
84.5889892578125
87.97859191894531
86.9264907836914
84.10411834716797
48.177120208740234
74.79987335205078
79.5709228515625
85.37120819091797
87.86881256103516
88.56867980957031
88.01519012451172
87.0362777709961
87.8001937866211
53.1082763671875
73.9032974243164
84.0858154296875
89.46068572998047
89.89067077636719
91.37733459472656
88.55496215820312
89.89067077636719
88.80654907226562
87.96029663085938
63.48291778564453
81.43726348876953
86.91276550292969
88.07465362548828
92.25103759765625
92.44773864746094
91.38648223876953
90.72320556640625
88.23475646972656
87.54859924316406
71.33251190185547
78.89849853515625
85.36663818359375
88.99409484863281
92.7953872680664
93.3305892944336
92.90059661865234
92.19615173339844
87.34732818603516
64.01354217529297
80.11528015136719
86.30895233154297
89.33717346191406
92.99666595458984
92.49805450439453
93.04240417480469
92.10466003417969
