4.5743560791015625
3.522254228591919
24.18919563293457
29.005992889404297
19.834407806396484
27.039018630981445
31.238279342651367
25.067472457885742
29.2850284576416
29.7973575592041
36.17858123779297
35.53817367553711
42.14811706542969
46.7087516784668
34.888614654541016
40.71634292602539
51.40203857421875
51.708518981933594
53.231781005859375
48.561363220214844
60.509578704833984
61.71263885498047
54.71387481689453
52.28031921386719
60.39065170288086
71.1861343383789
69.21001434326172
75.39910888671875
53.387306213378906
61.89103698730469
65.36754608154297
71.49261474609375
79.2415771484375
81.26801300048828
77.70915985107422
77.97904968261719
50.44142532348633
59.956085205078125
74.95997619628906
80.71450805664062
81.78948974609375
84.73994445800781
81.67970275878906
59.92863845825195
71.314208984375
81.13077545166016
86.1762924194336
80.06495666503906
87.53488159179688
83.00627136230469
53.18604278564453
65.71520233154297
79.41082000732422
83.69242095947266
84.84515380859375
88.58240509033203
87.85050964355469
86.02533721923828
85.12419128417969
66.48826599121094
75.08348083496094
85.49014282226562
88.04720306396484
90.00960540771484
88.87516784667969
88.44060516357422
84.94122314453125
69.29692077636719
71.95462036132812
79.10891723632812
87.86881256103516
91.43680572509766
90.49449157714844
90.5036392211914
89.46526336669922
88.58698272705078
87.36563110351562
81.697998046875
59.39344024658203
70.13402557373047
