6.001044273376465
20.187057495117188
20.291505813598633
20.39120864868164
27.223093032836914
9.514313697814941
30.309072494506836
30.043203353881836
31.61467933654785
34.767127990722656
31.624174118041992
35.232398986816406
37.838863372802734
39.6952018737793
49.68428039550781
34.49650955200195
55.98442459106445
57.707828521728516
52.80349349975586
55.713809967041016
51.68779373168945
53.91919708251953
59.41698455810547
61.95698547363281
71.3858413696289
71.76090240478516
77.06879425048828
49.014862060546875
64.10767364501953
75.5068130493164
76.35664367675781
82.3149642944336
81.08531951904297
80.19275665283203
80.12154388427734
68.92180633544922
78.83492279052734
82.48587799072266
85.72852325439453
85.61458587646484
85.77125549316406
84.20927429199219
82.64254760742188
65.34207153320312
71.36209869384766
84.53211975097656
88.75753784179688
86.60684967041016
89.21806335449219
86.79200744628906
49.43265151977539
80.27821350097656
84.15230560302734
87.77477264404297
91.00318145751953
91.00318145751953
89.8447494506836
89.42221069335938
86.132080078125
72.81964111328125
82.25798797607422
87.54688262939453
89.09461975097656
91.21682739257812
92.31353759765625
91.42097473144531
73.87361145019531
75.11275482177734
84.35646057128906
90.84651184082031
92.14261627197266
93.22508239746094
92.67435455322266
90.91297149658203
89.77828979492188
88.52964782714844
79.88416290283203
88.67208099365234
91.6251220703125
92.02867889404297
92.26605987548828
93.06841278076172
92.4227294921875
88.27802276611328
90.09162902832031
88.80501556396484
76.92636108398438
85.64307403564453
86.3599624633789
92.00019073486328
92.42748260498047
94.12239074707031
92.06190490722656
94.29805755615234
91.7058334350586
86.8489761352539
77.6147689819336
86.43592834472656
89.5978775024414
92.98295593261719
