5.631032466888428
17.94519805908203
15.465898513793945
24.637481689453125
19.427289962768555
25.076622009277344
17.41914939880371
23.237728118896484
29.367366790771484
42.52779006958008
35.51072692871094
37.97630310058594
38.58012008666992
37.89396667480469
44.23402404785156
45.26325607299805
51.77256393432617
55.363433837890625
59.43003463745117
58.382503509521484
57.39444351196289
60.19852828979492
67.51749420166016
72.9655532836914
52.207122802734375
54.84653091430664
66.62092590332031
72.74598693847656
75.8656997680664
78.05223846435547
77.53533935546875
77.6679916381836
50.17611312866211
51.51182556152344
74.11372375488281
77.37523651123047
80.62760162353516
85.03270721435547
84.68505859375
82.95137023925781
78.21234130859375
55.73395538330078
69.96019744873047
79.16381072998047
85.9887466430664
87.72242736816406
87.7132797241211
86.7526626586914
84.29623413085938
55.44577407836914
78.61031341552734
84.19102478027344
87.1780776977539
86.60628509521484
90.03705596923828
88.3994369506836
86.22203826904297
85.12876892089844
59.25163650512695
78.66062927246094
86.13055419921875
89.2182388305664
89.90896606445312
91.1806411743164
90.25204467773438
53.570281982421875
78.60116577148438
86.79383087158203
89.5384521484375
91.42765045166016
92.02232360839844
89.86322784423828
90.1880111694336
87.36105346679688
84.92292022705078
73.66085815429688
85.00525665283203
88.03805541992188
91.11202239990234
92.73135375976562
