0.7410457134246826
6.234847545623779
14.747723579406738
20.570880889892578
19.514202117919922
18.576461791992188
19.331228256225586
31.26114845275879
31.71401023864746
36.60857391357422
36.94707489013672
40.83527755737305
43.92296600341797
44.8515625
51.155025482177734
53.34613800048828
58.82622146606445
59.99268341064453
50.83482360839844
50.96747970581055
65.81126403808594
66.82676696777344
66.06285095214844
72.86949157714844
71.8265380859375
59.72737121582031
67.72334289550781
70.58232116699219
78.28553009033203
82.57170104980469
79.909423828125
80.51324462890625
80.50409698486328
77.85553741455078
81.15365600585938
65.34925079345703
57.25263977050781
76.04867553710938
81.65682983398438
85.63652038574219
89.11302947998047
87.75902557373047
88.89346313476562
89.94556427001953
86.3501205444336
85.20653533935547
83.76103973388672
86.02991485595703
87.7132797241211
87.79561614990234
53.26837921142578
76.97726440429688
85.79205322265625
89.60706329345703
91.4551010131836
92.62156677246094
93.17505645751953
91.83477020263672
91.64265441894531
89.55674743652344
88.98494720458984
88.62358093261719
89.35089874267578
88.7379379272461
91.51457214355469
90.09651947021484
89.49270629882812
89.28228759765625
89.93641662597656
90.2657699584961
89.95014190673828
90.84671020507812
91.77530670166016
90.553955078125
92.3059310913086
91.2035140991211
72.38461303710938
82.20575714111328
90.28863525390625
92.84113311767578
95.82361602783203
96.34966278076172
95.93339538574219
96.36795806884766
96.07520294189453
95.64064025878906
93.70568084716797
93.09729766845703
93.9069595336914
92.85028076171875
92.89144897460938
92.63528442382812
93.03783416748047
92.93719482421875
93.04240417480469
79.37879943847656
88.46347045898438
92.96006774902344
94.35066986083984
96.01573181152344
