7.113123893737793
6.66483736038208
27.336353302001953
21.24788475036621
30.652761459350586
24.75641441345215
35.81720733642578
28.23750114440918
33.46599197387695
30.73052406311035
38.47948455810547
37.71099090576172
31.791776657104492
44.82868957519531
48.74433898925781
46.25131607055664
41.823341369628906
45.67951965332031
50.121219635009766
51.13672637939453
46.31993103027344
53.80815124511719
57.4493408203125
54.128353118896484
65.12968444824219
65.59169006347656
40.95878601074219
51.1458740234375
68.05269622802734
70.23466491699219
66.73070526123047
61.4610481262207
70.66465759277344
76.48323822021484
75.5271987915039
74.65806579589844
52.939022064208984
68.38204956054688
75.6552734375
78.8436050415039
78.72467041015625
80.2204818725586
57.989112854003906
66.66209411621094
64.69512176513672
78.03851318359375
81.93586730957031
82.75467681884766
83.66497039794922
53.991127014160156
72.43492889404297
79.18667602539062
84.44718933105469
86.19459533691406
86.67947387695312
85.19738006591797
84.4746322631836
82.83244323730469
71.80824279785156
63.8122673034668
80.3805923461914
85.59992980957031
88.12954711914062
90.01417541503906
87.73157501220703
86.5879898071289
86.11225128173828
67.1195297241211
80.48121643066406
85.51759338378906
87.82764434814453
90.45332336425781
90.54480743408203
86.42788696289062
60.079593658447266
82.2103271484375
84.63931274414062
89.43323516845703
89.1633529663086
90.57225036621094
