2.0029895305633545
10.17937183380127
19.257598876953125
28.3109130859375
27.000499725341797
28.893869400024414
39.681114196777344
35.067264556884766
46.02391815185547
44.32486343383789
47.78276062011719
59.00847244262695
44.862979888916016
53.60239028930664
52.30692672729492
62.16242980957031
62.59093475341797
70.2989501953125
67.87244415283203
38.89387130737305
57.63826370239258
64.95266723632812
75.05729675292969
75.77478790283203
78.53512573242188
80.89187622070312
79.49177551269531
79.85550689697266
53.482810974121094
59.053314208984375
69.54658508300781
80.71748352050781
83.30343627929688
87.3791732788086
82.89486694335938
84.34479522705078
85.46089172363281
80.817138671875
80.77728271484375
65.08719635009766
75.27154541015625
81.6940689086914
88.01693725585938
89.99003601074219
87.70303344726562
87.01045989990234
86.865966796875
85.88440704345703
86.90583038330078
60.71250534057617
72.73542785644531
80.91679382324219
87.22471618652344
86.90583038330078
91.94818115234375
91.00647735595703
89.60139465332031
89.57648468017578
86.5670166015625
89.21774291992188
72.87493896484375
83.50772094726562
87.98704528808594
91.8036880493164
93.71200561523438
92.914794921875
91.40508270263672
89.11310577392578
89.4818115234375
88.3158950805664
90.06975555419922
89.92027282714844
91.42501068115234
92.09765625
91.83358001708984
90.96163177490234
90.1046371459961
63.891380310058594
83.87643432617188
89.36223602294922
93.17887115478516
94.62381744384766
95.19183349609375
95.57548522949219
95.21175384521484
92.29198455810547
93.39311981201172
91.49476623535156
92.03288269042969
90.44843292236328
88.97857666015625
92.18734741210938
92.74539184570312
94.32984924316406
92.49626159667969
91.42501068115234
88.14151000976562
76.65670013427734
86.9805679321289
91.39013671875
