4.945376873016357
9.464428901672363
22.264854431152344
25.286436080932617
27.56195068359375
27.194244384765625
27.89235496520996
36.04050064086914
41.67865753173828
46.61337661743164
45.275779724121094
44.2739143371582
49.51239013671875
58.9768180847168
54.04209899902344
61.358909606933594
62.96828842163086
64.83346557617188
73.0935287475586
72.1982421875
66.95976257324219
55.960567474365234
68.32933044433594
63.38396072387695
76.253662109375
77.42073059082031
79.22728729248047
82.14228820800781
76.44551086425781
76.30695343017578
59.64295196533203
75.16120910644531
82.28084564208984
86.16573333740234
87.26885223388672
86.14441680908203
83.3626480102539
56.109779357910156
68.3772964477539
81.11910247802734
83.53850555419922
88.31334686279297
90.31708526611328
89.49107360839844
89.21395874023438
86.2723159790039
86.9064712524414
86.32027435302734
84.25259399414062
85.046630859375
87.151611328125
87.95630645751953
84.70556640625
69.68292236328125
78.11883544921875
87.98294830322266
89.88542175292969
90.52490997314453
92.1023178100586
91.67598724365234
91.3775634765625
88.451904296875
87.6312255859375
88.79296875
88.84625244140625
89.443115234375
88.90487670898438
89.75752258300781
89.47509002685547
60.639488220214844
77.63922119140625
85.046630859375
90.40767669677734
93.17878723144531
93.84492492675781
94.18065643310547
93.96749114990234
91.7985610961914
91.13775634765625
88.50519561767578
90.62616729736328
90.71675872802734
90.59951782226562
92.60857391357422
92.04902648925781
90.21582794189453
91.44683837890625
91.60138702392578
91.06314849853516
91.4574966430664
73.85558319091797
85.9259262084961
90.81800842285156
93.33333587646484
94.44178009033203
95.82200622558594
95.56621551513672
94.99067687988281
94.69757843017578
92.62989807128906
