0.7913635969161987
4.487443447113037
8.343626022338867
12.35533618927002
19.797813415527344
25.232147216796875
25.529483795166016
28.90535545349121
27.9904842376709
32.31325149536133
36.174007415771484
42.010887145996094
43.04011917114258
47.230228424072266
44.98421859741211
44.89730453491211
48.57508850097656
56.26915740966797
46.01802062988281
60.2717170715332
60.376922607421875
65.23946380615234
64.1690673828125
52.29404067993164
55.486942291259766
66.73986053466797
74.28754425048828
72.6270523071289
73.66543579101562
50.16696548461914
56.83637237548828
71.46516418457031
76.82173919677734
79.04029846191406
79.43370056152344
55.6607666015625
56.89583969116211
69.28777313232422
77.62682342529297
80.64590454101562
81.26343536376953
82.37042999267578
57.961666107177734
68.57875061035156
75.17497253417969
81.19939422607422
84.10411834716797
85.30716705322266
83.72901916503906
77.6542739868164
80.96610260009766
53.31412124633789
64.81405639648438
76.04409790039062
83.8845443725586
85.08760070800781
86.01619720458984
86.2632064819336
63.55610656738281
67.31165313720703
77.05045318603516
83.65125274658203
87.26042175292969
85.92012786865234
86.08938598632812
86.71149444580078
82.0090560913086
56.255428314208984
72.18334197998047
79.3696517944336
85.71428680419922
89.28228759765625
89.63908386230469
85.85609436035156
85.45354461669922
82.36128234863281
61.36956024169922
71.85398864746094
82.02735137939453
87.14148712158203
89.60248565673828
89.52471923828125
87.1872329711914
84.63931274414062
81.46928405761719
65.71977996826172
64.93756103515625
79.87740325927734
81.57449340820312
87.14148712158203
88.63272857666016
89.43323516845703
88.7287826538086
87.72700500488281
84.69420623779297
53.4284782409668
70.67837524414062
79.88655853271484
88.06550598144531
88.96665954589844
