2.0996294021606445
2.337496042251587
2.8955674171447754
4.821371078491211
7.854169845581055
9.514660835266113
13.219889640808105
14.541877746582031
18.658798217773438
21.810529708862305
22.679658889770508
24.9439640045166
26.7142391204834
27.56507110595703
30.835735321044922
35.30945587158203
37.152923583984375
38.836280822753906
38.60299301147461
35.711997985839844
39.15648651123047
40.83985137939453
48.931888580322266
53.08082580566406
49.88335418701172
53.66176986694336
57.21604919433594
51.47980499267578
55.363433837890625
60.6788330078125
62.93399429321289
63.19472885131836
53.93622970581055
67.8834457397461
68.3729019165039
66.9228286743164
74.06797790527344
69.79095458984375
71.54293060302734
71.36910247802734
73.9902114868164
76.59759521484375
73.60596466064453
72.72311401367188
76.83088684082031
70.17977142333984
69.81382751464844
78.65148162841797
82.10511779785156
82.17830657958984
81.15365600585938
84.36485290527344
80.55441284179688
81.76203918457031
81.94501495361328
82.15086364746094
83.52774047851562
81.36407470703125
83.07030487060547
83.18466186523438
84.72164916992188
83.67869567871094
84.94122314453125
84.31910705566406
85.98416900634766
86.42788696289062
86.7526626586914
87.53488159179688
86.5010757446289
87.12318420410156
86.38214111328125
87.79104614257812
89.33717346191406
88.14327239990234
88.18444061279297
88.09752655029297
88.3765640258789
88.69676208496094
89.28685760498047
89.64823150634766
89.83120727539062
75.0057144165039
86.3272476196289
89.37834167480469
91.97200775146484
92.78166961669922
92.73592376708984
92.99666595458984
92.4568862915039
92.30135345458984
91.27670288085938
91.32244873046875
90.91075897216797
90.88330841064453
90.64544677734375
89.76258850097656
92.18699645996094
91.74786376953125
91.08457946777344
91.91253662109375
