2.2048397064208984
13.18786907196045
17.95892333984375
20.3330135345459
19.761219024658203
24.35844612121582
26.169889450073242
42.14811706542969
29.367366790771484
32.17144775390625
42.77480697631836
44.883583068847656
43.666805267333984
45.42792892456055
50.79822540283203
51.498104095458984
60.25341796875
39.90210723876953
61.163719177246094
65.33553314208984
62.62751388549805
66.61634826660156
70.76071166992188
66.99144744873047
57.280086517333984
64.08673095703125
68.63821411132812
77.31119537353516
81.38236999511719
81.50587463378906
83.88911437988281
55.34055709838867
70.29412841796875
77.9287338256836
82.53510284423828
85.70513916015625
84.73994445800781
87.2009506225586
84.80398559570312
84.90005493164062
81.46013641357422
79.16838073730469
57.060516357421875
71.27304077148438
83.16179656982422
87.43424224853516
89.25483703613281
90.82841491699219
91.41393280029297
89.24111938476562
89.69854736328125
82.10969543457031
87.26956939697266
60.793190002441406
69.14139556884766
83.9394302368164
88.85687255859375
92.52549743652344
93.82461547851562
93.35346221923828
91.74786376953125
88.97122955322266
90.2657699584961
89.59791564941406
88.40858459472656
90.48534393310547
75.6552734375
84.26421356201172
89.88610076904297
92.41571807861328
94.46502685546875
95.60861206054688
92.74049377441406
91.75701141357422
91.24925994873047
90.78266906738281
88.92090606689453
90.07364654541016
91.14405059814453
89.82662963867188
91.47797393798828
73.14395141601562
82.61744689941406
89.56588745117188
93.12474060058594
94.22258758544922
94.8172607421875
96.52349090576172
93.92525482177734
92.57582092285156
92.6535873413086
90.82383728027344
90.8650131225586
89.3646240234375
91.4413833618164
91.0068130493164
92.46603393554688
92.53923034667969
92.62613677978516
68.82118225097656
