2.3076155185699463
5.347886562347412
13.3024320602417
22.78209686279297
13.576555252075195
25.588119506835938
19.80661964416504
34.280303955078125
30.457534790039062
48.56459045410156
36.99162673950195
47.82695388793945
34.53947448730469
47.08931350708008
59.92324447631836
55.09868240356445
57.660484313964844
50.632972717285156
58.40311050415039
68.64035034179688
65.33592224121094
68.02233123779297
74.60127258300781
74.92025756835938
70.70873260498047
48.97328567504883
68.71012878417969
74.27731323242188
80.21829986572266
81.33971405029297
81.15031433105469
84.24043273925781
81.24003601074219
83.1788330078125
83.3482894897461
82.66547393798828
81.56897735595703
51.97866439819336
76.8440933227539
82.33651733398438
85.86522674560547
87.78409576416016
87.00159454345703
90.55023956298828
85.12759399414062
87.99341583251953
80.08871459960938
70.49940490722656
79.34111022949219
86.3038330078125
87.74421691894531
91.66667175292969
88.42205047607422
89.1696548461914
89.96212005615234
87.60964965820312
86.93679809570312
86.08452606201172
80.40769958496094
84.52452087402344
89.55841064453125
91.9059066772461
92.0803451538086
93.12200927734375
92.52391815185547
91.52710723876953
88.41706848144531
88.23265075683594
89.42384338378906
73.67922973632812
83.7320556640625
87.80900573730469
93.3064193725586
83.12400817871094
89.44377899169922
91.29784393310547
94.31320190429688
94.30323028564453
94.17862701416016
92.59868621826172
91.22308349609375
91.46231842041016
91.32775115966797
92.95753479003906
91.66667175292969
91.09349822998047
92.43919372558594
89.747802734375
63.54664993286133
84.10087585449219
88.47189331054688
92.99242401123047
93.33133697509766
95.38477325439453
95.00099182128906
94.97608184814453
92.82794952392578
93.24162292480469
88.83074188232422
92.06539154052734
