5.569397449493408
20.929210662841797
14.631882667541504
18.046802520751953
28.936439514160156
22.57560157775879
35.58063507080078
44.3402214050293
36.97787094116211
36.33299255371094
46.99789810180664
53.1633186340332
62.0694694519043
48.50261688232422
57.486934661865234
62.782745361328125
63.50090408325195
67.51673126220703
74.24886322021484
76.03693389892578
80.54130554199219
78.03507232666016
59.0698127746582
45.79119873046875
59.85636901855469
78.57247924804688
84.33728790283203
85.17269897460938
83.64844512939453
85.35834503173828
84.47896575927734
49.728858947753906
60.2325439453125
79.47628021240234
84.23958587646484
86.26703643798828
89.83341217041016
90.21446990966797
91.50910949707031
59.1137809753418
73.06170654296875
79.8133773803711
87.79129028320312
89.91645812988281
91.25995635986328
90.6443862915039
87.10244750976562
88.84654998779297
86.65298461914062
85.48048400878906
86.96076965332031
71.89896392822266
82.87165832519531
90.76652526855469
92.35917663574219
92.0025405883789
93.29718017578125
91.01079559326172
87.93785858154297
87.6935806274414
54.25277328491211
80.81977081298828
87.47862243652344
92.61811065673828
94.2742691040039
94.43548583984375
60.37422561645508
83.83897399902344
88.9051742553711
92.88680267333984
94.19609832763672
93.47794342041016
94.85074615478516
92.58390808105469
90.40011596679688
62.108551025390625
84.75743865966797
91.74849700927734
93.8541259765625
93.19458770751953
95.17318725585938
92.35429382324219
92.75001525878906
70.51150512695312
81.69915771484375
84.31285858154297
92.0513916015625
93.1408462524414
89.54027557373047
94.38663482666016
94.69930267333984
94.093505859375
93.17015838623047
92.14910125732422
90.35126495361328
90.80072021484375
90.54180145263672
90.91797637939453
91.61659240722656
92.70603942871094
