2.986912965774536
12.809853553771973
13.112650871276855
19.64588165283203
26.184242248535156
23.664356231689453
25.891712188720703
22.65845489501953
35.12958526611328
34.3494987487793
38.60918426513672
42.73030471801758
43.42827606201172
49.08390808105469
56.889915466308594
49.273799896240234
53.9851188659668
58.034385681152344
56.76161193847656
60.9751091003418
57.87528610229492
63.34616470336914
68.51937103271484
59.784446716308594
52.1580696105957
66.11752319335938
78.36798095703125
77.94200897216797
83.67462158203125
55.124454498291016
53.312801361083984
68.80164337158203
78.35257720947266
80.8468017578125
85.47087097167969
86.1277847290039
85.9071044921875
64.11085510253906
74.86270904541016
81.45240020751953
86.90787506103516
87.51860046386719
88.06261444091797
88.11393737792969
81.37541198730469
59.219913482666016
75.52989959716797
83.6386947631836
85.17833709716797
88.15499114990234
88.95046997070312
87.88812255859375
87.3749008178711
66.6050796508789
81.27790832519531
86.3843994140625
89.75621795654297
91.17269897460938
82.27354431152344
81.45240020751953
88.1703872680664
89.36618041992188
88.78624725341797
88.96586608886719
85.25019073486328
88.04208374023438
71.38311004638672
74.90890502929688
85.34770965576172
89.83320617675781
92.34796142578125
91.61405944824219
93.22042846679688
91.86040496826172
89.01719665527344
78.36798095703125
83.58223724365234
88.3346176147461
91.97843933105469
93.05106353759766
94.27252197265625
93.74391174316406
91.67564392089844
91.97331237792969
88.40646362304688
78.5783920288086
87.2106704711914
91.19835662841797
92.9843521118164
93.31793975830078
93.85167694091797
94.12881469726562
92.28636932373047
58.73236083984375
82.08365631103516
91.04438781738281
92.41468048095703
92.85091400146484
93.6104736328125
95.42725372314453
