7.822149276733398
16.193222045898438
12.295868873596191
19.463884353637695
21.060335159301758
20.36046028137207
25.918302536010742
29.93001365661621
23.352088928222656
44.03732681274414
35.41466522216797
36.34783172607422
48.60710906982422
37.4273796081543
47.77000427246094
51.95553970336914
52.11106491088867
55.17588424682617
60.646812438964844
50.084625244140625
54.119205474853516
65.37670135498047
72.14674377441406
73.43214416503906
41.0914421081543
52.257442474365234
68.07099914550781
73.79351043701172
77.59937286376953
79.84539031982422
81.35034942626953
52.042449951171875
65.07479095458984
74.02223205566406
85.23397827148438
84.36485290527344
86.12140655517578
82.36585998535156
80.60930633544922
78.12542724609375
58.35963439941406
70.2712631225586
82.48478698730469
84.81771087646484
88.94377899169922
86.51480102539062
85.94300079345703
84.95037078857422
85.69599151611328
45.43708038330078
67.47175598144531
77.89213562011719
86.36384582519531
87.23297119140625
91.84391784667969
91.3270263671875
81.99533081054688
86.77096557617188
87.85965728759766
55.56013107299805
69.30149841308594
83.10232543945312
89.6162109375
90.47161102294922
91.3453140258789
90.55853271484375
89.90896606445312
63.27707290649414
70.6006088256836
80.62760162353516
88.98494720458984
91.35446166992188
93.32601165771484
92.73135375976562
92.36082458496094
90.81926727294922
90.42130279541016
68.3957748413086
84.65760803222656
89.55674743652344
