5.008919715881348
18.22423553466797
11.40844440460205
16.35789680480957
19.473033905029297
20.31014060974121
24.41791343688965
21.430858612060547
23.443574905395508
35.81720733642578
28.987693786621094
36.128265380859375
43.97328567504883
47.72425842285156
49.25666809082031
58.08060073852539
55.72023391723633
53.27752685546875
66.13604736328125
64.46183013916016
68.70682525634766
55.08897399902344
51.20077133178711
70.20722198486328
73.37267303466797
73.9627685546875
77.29747009277344
79.96432495117188
79.77677154541016
49.197200775146484
62.19751739501953
72.73226165771484
80.20218658447266
82.63117218017578
84.14985656738281
83.4591293334961
83.45455169677734
49.54942321777344
70.60975646972656
79.78591918945312
84.4746322631836
86.8395767211914
88.09295654296875
88.07465362548828
71.09464263916016
60.18480682373047
78.9442367553711
86.66117858886719
87.65380859375
88.77452850341797
87.05914306640625
89.86322784423828
86.62458038330078
56.095333099365234
76.16303253173828
79.95974731445312
85.27972412109375
90.25204467773438
91.994873046875
91.52371978759766
90.57682800292969
89.67110443115234
87.49371337890625
70.31700134277344
80.33026885986328
86.73894500732422
91.23095703125
91.07543182373047
92.00860595703125
91.72956085205078
89.9043960571289
88.82027435302734
88.20731353759766
84.71707916259766
62.293582916259766
71.46974182128906
85.362060546875
91.78903198242188
91.97657775878906
92.56209564208984
