0.2523620128631592
0.34628868103027344
0.3822440207004547
0.2742079198360443
0.38845333456993103
0.4350825250148773
0.4652663767337799
0.4610966444015503
0.4559880197048187
0.45602795481681824
0.43716326355934143
0.4449293911457062
0.4475628435611725
0.4314204752445221
0.4290545880794525
0.4408842623233795
0.4026776850223541
0.45846524834632874
0.4466758668422699
0.4280223548412323
0.445305734872818
0.45691895484924316
0.41872158646583557
0.42877355217933655
0.4387255907058716
0.39539042115211487
0.43953680992126465
0.4322424829006195
0.4155658483505249
0.4427904784679413
