0.23477232456207275
0.2931412160396576
0.36313238739967346
0.408290296792984
0.41884446144104004
0.39172855019569397
0.37171873450279236
0.3783472776412964
0.417359322309494
0.4178498685359955
0.42335423827171326
0.4160733222961426
0.4364446699619293
0.4068526327610016
0.40963855385780334
0.4215379059314728
0.42697444558143616
0.4386422634124756
0.41831544041633606
0.4236421585083008
0.41670966148376465
0.39895662665367126
0.4396911561489105
0.4230726659297943
0.4127417802810669
0.4149061441421509
0.3992280066013336
0.36432480812072754
0.38429465889930725
0.4039452075958252
0.38616928458213806
0.3977884352207184
0.4052179753780365
0.4180036783218384
0.3964916467666626
0.40248584747314453
0.41467055678367615
0.40538620948791504
0.4168199300765991
0.38374534249305725
