0.13328278064727783
0.25243663787841797
0.28534308075904846
0.24424530565738678
0.29639318585395813
0.3052962124347687
0.43383777141571045
0.4357612431049347
0.344775527715683
0.4548254907131195
0.47123971581459045
0.45590832829475403
0.47356510162353516
0.45792269706726074
0.47774967551231384
0.4527323246002197
0.47638145089149475
0.4750114977359772
0.456064373254776
0.45796072483062744
0.19918310642242432
0.2835528552532196
0.2821240723133087
0.30781736969947815
0.3859894275665283
0.37729063630104065
0.261148601770401
0.43791940808296204
0.450810045003891
0.4431811273097992
0.4646977186203003
0.35835933685302734
0.45916834473609924
0.4786853790283203
0.4265643060207367
0.4669002294540405
0.24120885133743286
0.45552051067352295
0.45824578404426575
0.47638165950775146
