0.2566196024417877
0.3223026990890503
0.24669136106967926
0.3889338970184326
0.4126449525356293
0.2974737584590912
0.40835413336753845
0.423689603805542
0.4262220859527588
0.42929211258888245
0.4155611991882324
0.41688990592956543
0.41523313522338867
0.37390589714050293
0.33083289861679077
0.40040430426597595
0.4099734127521515
0.3953510522842407
0.42606377601623535
0.4219508171081543
0.4119504392147064
0.4233373701572418
0.39300453662872314
0.41370394825935364
0.41036197543144226
0.36065617203712463
0.4045471251010895
0.4061509072780609
0.40786901116371155
0.40509286522865295
0.4248020350933075
0.4093984067440033
0.41969525814056396
0.4152727425098419
0.41046151518821716
0.42922067642211914
0.38414332270622253
0.3386986255645752
0.40789762139320374
0.41553768515586853
