0.13457392156124115
0.21148347854614258
0.24704289436340332
0.300502747297287
0.3178280293941498
0.35640084743499756
0.4189364016056061
0.4304715692996979
0.42052337527275085
0.44887855648994446
0.4411431550979614
0.2758757770061493
0.4571135938167572
0.2636958062648773
0.46704065799713135
0.45109328627586365
0.44851216673851013
0.46139028668403625
0.43002626299858093
0.45085445046424866
0.17312173545360565
0.2509387731552124
0.30165746808052063
0.34774020314216614
0.3437589108943939
0.2929069995880127
0.41245579719543457
0.3763628304004669
0.4752730429172516
0.465240478515625
0.44837430119514465
0.4548182189464569
0.46346890926361084
0.4573709964752197
0.47416916489601135
0.3936193883419037
0.463045209646225
0.43118610978126526
0.4503711462020874
0.4557860195636749
