0.1492997109889984
0.1865748167037964
0.25648751854896545
0.2960090935230255
0.36292532086372375
0.35008737444877625
0.378159761428833
0.3891324996948242
0.397327184677124
0.38441339135169983
0.3747612237930298
0.41229569911956787
0.36870479583740234
0.417487233877182
0.2799925208091736
0.39933300018310547
0.390756756067276
0.4067355692386627
0.4179251194000244
0.3893543481826782
0.3044804334640503
0.386127233505249
0.4162583351135254
0.40412387251853943
0.4016973078250885
0.39578843116760254
0.39214253425598145
0.4084063768386841
0.3846166133880615
0.3950483798980713
