99.99381256103516
99.97874450683594
99.96421813964844
99.97822570800781
99.9546127319336
99.96202850341797
99.93492126464844
99.9480972290039
99.9461441040039
99.9368667602539
99.92797088623047
99.93351745605469
99.91094207763672
99.9100570678711
99.90545654296875
99.91059875488281
99.92500305175781
99.91681671142578
99.91759490966797
99.91411590576172
99.91514587402344
99.90876007080078
99.92089080810547
99.9281234741211
99.94120025634766
99.93135833740234
99.91205596923828
99.92066955566406
99.93052673339844
99.9366226196289
99.9435806274414
99.92829895019531
99.92823791503906
99.92963409423828
99.92455291748047
99.93688201904297
99.93441009521484
99.93768310546875
99.94493865966797
99.94390869140625
99.94091796875
99.92595672607422
99.93830871582031
99.9471664428711
99.94647216796875
99.95097351074219
99.95427703857422
99.95401000976562
99.93388366699219
99.94428253173828
99.94181823730469
99.9516830444336
99.95807647705078
99.95547485351562
99.9646224975586
99.95721435546875
99.94459533691406
99.92893981933594
99.95053100585938
99.96034240722656
99.96268463134766
99.9596939086914
99.97123718261719
99.96710968017578
99.96200561523438
99.96098327636719
99.95936584472656
99.96483612060547
99.94471740722656
99.95243835449219
99.96220397949219
99.96250915527344
99.96976470947266
99.97135162353516
99.97642517089844
99.96570587158203
99.96524810791016
99.96949768066406
99.95792388916016
99.96304321289062
99.9696273803711
99.97108459472656
99.97411346435547
99.96635437011719
99.97510528564453
99.97948455810547
99.97791290283203
99.97529602050781
99.97535705566406
99.9582748413086
99.97100067138672
99.96930694580078
99.9764633178711
99.98030090332031
99.98118591308594
99.97735595703125
99.9833755493164
99.98155212402344
99.97879028320312
99.9761962890625
