99.98809051513672
99.9704818725586
99.98729705810547
99.98284912109375
99.97607421875
99.96629333496094
99.97318267822266
99.97480010986328
99.96455383300781
99.9483871459961
99.9623031616211
99.94316101074219
99.92935180664062
99.91374969482422
99.92001342773438
99.9114761352539
99.91287231445312
99.92020416259766
99.91191101074219
99.92476654052734
99.91513061523438
99.9374771118164
99.9454116821289
99.91937255859375
99.91566467285156
99.92644500732422
99.92366027832031
99.92444610595703
99.92728424072266
99.91949462890625
99.92542266845703
99.92696380615234
99.93595123291016
99.93291473388672
99.9407958984375
99.94322967529297
99.9486312866211
99.93604278564453
99.93476867675781
99.94380187988281
99.93865203857422
99.9372329711914
99.94386291503906
99.95268249511719
99.94672393798828
99.94930267333984
99.9426040649414
99.94879150390625
99.94782257080078
99.95952606201172
99.95836639404297
99.9555435180664
99.96461486816406
99.87278747558594
99.94584655761719
99.95121765136719
99.95907592773438
99.9616470336914
99.96430969238281
99.96061706542969
99.96405029296875
99.9625473022461
99.96739959716797
99.9391098022461
99.9501953125
99.95845794677734
99.96247863769531
99.9666519165039
99.96513366699219
99.97350311279297
99.97160339355469
99.9741439819336
99.97308349609375
99.97315216064453
99.95486450195312
99.95899200439453
99.95821380615234
99.9648666381836
99.97321319580078
99.97112274169922
