99.98113250732422
99.96456146240234
99.9662094116211
99.94819641113281
99.96044921875
99.960205078125
99.95769500732422
99.96299743652344
99.96142578125
99.96286010742188
99.9559097290039
99.9689712524414
99.96736145019531
99.95222473144531
99.95867919921875
99.96358489990234
99.95431518554688
99.95068359375
99.9637451171875
99.96053314208984
99.96786499023438
99.96437072753906
99.96469116210938
99.96924591064453
99.964111328125
99.97077178955078
99.96849060058594
99.96996307373047
99.96952056884766
99.96524047851562
99.96580505371094
99.97186279296875
99.97444152832031
99.97671508789062
99.9775619506836
99.9788589477539
99.97967529296875
99.97576904296875
99.9768295288086
99.97647094726562
99.9712142944336
99.97559356689453
99.9761734008789
99.97978973388672
99.98106384277344
99.97944641113281
99.98068237304688
99.98471069335938
99.98078918457031
99.97352600097656
99.97589874267578
99.98007202148438
99.97943878173828
99.98190307617188
99.98314666748047
99.98481750488281
99.98394775390625
99.98536682128906
99.98651885986328
99.98271179199219
99.98193359375
99.97266387939453
99.97267150878906
99.9791488647461
99.98075103759766
99.983642578125
99.98604583740234
99.98683166503906
99.98762512207031
99.98668670654297
99.98810577392578
99.985595703125
99.98344421386719
99.98580932617188
99.9865951538086
99.98423767089844
99.97371673583984
99.97369384765625
99.9810791015625
99.98372650146484
99.98540496826172
99.98854064941406
99.9866714477539
99.98893737792969
99.98800659179688
99.99002075195312
99.98918914794922
99.98579406738281
99.98703002929688
99.97696685791016
99.98070526123047
99.98516845703125
99.98694610595703
99.98638916015625
99.98900604248047
99.98617553710938
99.9901123046875
99.99041748046875
99.99138641357422
99.9799575805664
