99.99887084960938
99.96617126464844
99.97422790527344
99.95893859863281
99.94242858886719
99.96769714355469
99.9273452758789
99.93818664550781
99.93085479736328
99.92450714111328
99.95165252685547
99.96434783935547
99.93295288085938
99.90731048583984
99.93093872070312
99.91838073730469
99.9444808959961
99.89800262451172
99.91239166259766
99.92733764648438
99.9306411743164
99.9096908569336
99.9273910522461
99.9218521118164
99.93372344970703
99.90839385986328
99.90828704833984
99.9201889038086
99.92279815673828
99.92599487304688
99.9307861328125
99.91930389404297
99.93292999267578
99.92115783691406
99.92362213134766
99.93058776855469
99.91972351074219
99.92730712890625
99.92982482910156
99.9503173828125
99.92684173583984
99.91984558105469
99.9375
99.943359375
99.93807983398438
99.94588470458984
99.9476318359375
99.94140625
99.94239044189453
99.92884063720703
99.929931640625
99.93531036376953
99.94505310058594
99.93798828125
99.94633483886719
99.94845581054688
99.94577026367188
99.9572982788086
99.94666290283203
99.95126342773438
99.93975067138672
99.93680572509766
99.94564819335938
99.94902038574219
99.9500503540039
99.95697784423828
99.9552993774414
99.95050811767578
99.95843505859375
99.9578628540039
99.95648193359375
99.95344543457031
99.93336486816406
99.95310974121094
99.95579528808594
99.9598159790039
99.96268463134766
99.96302795410156
99.96649932861328
99.96219635009766
99.95687866210938
99.94532775878906
99.94630432128906
99.95719909667969
99.96170043945312
99.96592712402344
99.96759033203125
99.96881866455078
99.9616470336914
99.96772766113281
99.96302032470703
99.96965789794922
99.96180725097656
99.96819305419922
99.96070098876953
99.95616912841797
99.96511840820312
99.9664077758789
99.97085571289062
99.97022247314453
