99.9887924194336
99.9759521484375
99.96317291259766
99.97126007080078
99.93919372558594
99.93898010253906
99.95576477050781
99.95356750488281
99.93426513671875
99.92693328857422
99.92112731933594
99.94857788085938
99.93473815917969
99.91620635986328
99.9178695678711
99.93521881103516
99.91484069824219
99.91667175292969
99.91854095458984
99.9303970336914
99.92951965332031
99.92913818359375
99.92879486083984
99.90756225585938
99.9134750366211
99.91972351074219
99.91824340820312
99.94417572021484
99.93153381347656
99.9170150756836
99.92652893066406
99.92876434326172
99.92229461669922
99.9300308227539
99.92979431152344
99.9208984375
99.92955017089844
99.92941284179688
99.93514251708984
99.93135833740234
99.90630340576172
99.9266357421875
99.93795013427734
99.93234252929688
99.9377670288086
99.93663787841797
99.93489074707031
99.93234252929688
99.93610382080078
99.93895721435547
99.94145202636719
99.94041442871094
99.94609069824219
99.94721984863281
99.95094299316406
99.95056915283203
99.90428924560547
99.93509674072266
99.93920135498047
99.94733428955078
99.94857025146484
99.9525375366211
99.95731353759766
99.95833587646484
99.93644714355469
99.95352935791016
99.95703887939453
99.9598159790039
99.95578002929688
99.95950317382812
99.96331787109375
99.96133422851562
99.93283081054688
99.94825744628906
99.95025634765625
99.95651245117188
99.96315002441406
99.96580505371094
99.96528625488281
99.96351623535156
