99.9898452758789
99.97954559326172
99.93952178955078
99.97598266601562
99.97015380859375
99.95830535888672
99.95304870605469
99.95573425292969
99.94293975830078
99.931884765625
99.91529083251953
99.94094848632812
99.92417907714844
99.92423248291016
99.95027160644531
99.93897247314453
99.91912841796875
99.92875671386719
99.90050506591797
99.92550659179688
99.92341613769531
99.90187072753906
99.9211654663086
99.91092681884766
99.9298324584961
99.91545104980469
99.91964721679688
99.9212875366211
99.917724609375
99.92688751220703
99.93704223632812
99.9470443725586
99.89036560058594
99.92103576660156
99.9385757446289
99.93582916259766
99.93762969970703
99.93855285644531
99.9408187866211
99.94913482666016
99.94117736816406
99.94277954101562
99.93287658691406
99.92932891845703
99.93665313720703
99.94194030761719
99.94740295410156
99.94292449951172
99.95228576660156
99.92958068847656
99.94225311279297
99.95195770263672
99.95042419433594
99.95691680908203
99.95268249511719
99.95762634277344
99.95118713378906
99.9269790649414
99.94334411621094
99.94827270507812
99.9549331665039
99.95928955078125
99.96139526367188
99.96790313720703
99.94359588623047
99.95173645019531
99.9534683227539
99.95769500732422
99.96363067626953
99.96411895751953
99.96741485595703
99.97000885009766
99.97134399414062
99.94369506835938
99.959716796875
99.96580505371094
99.96865844726562
99.97395324707031
99.97222137451172
99.97229766845703
