99.9963150024414
99.98304748535156
99.98453521728516
99.99313354492188
99.94107818603516
99.94637298583984
99.9117202758789
99.96742248535156
99.92704772949219
99.9484634399414
99.9363784790039
99.90321350097656
99.911865234375
99.91789245605469
99.92442321777344
99.90992736816406
99.92005920410156
99.93212127685547
99.92733001708984
99.92797088623047
99.92710876464844
99.94715118408203
99.91987609863281
99.91740417480469
99.9251937866211
99.91325378417969
99.91551971435547
99.92031860351562
99.93734741210938
99.93505859375
99.9229965209961
99.93197631835938
99.93806457519531
99.92539978027344
99.94408416748047
99.93595123291016
99.93292236328125
99.91912078857422
99.93814086914062
99.94720458984375
99.94200134277344
99.94098663330078
99.94982147216797
99.9310531616211
99.94026947021484
99.94622039794922
99.9458999633789
99.95025634765625
99.94589233398438
99.95262908935547
99.95205688476562
99.94515228271484
99.94894409179688
99.94417572021484
99.95321655273438
99.93628692626953
99.9454574584961
99.9505615234375
99.95826721191406
99.96134185791016
99.96212005615234
99.96257019042969
99.95513916015625
99.95257568359375
99.95207977294922
99.9424819946289
99.94159698486328
99.9555435180664
99.9620361328125
99.96317291259766
99.96583557128906
99.9698257446289
99.96480560302734
99.94356536865234
99.9367904663086
99.95947265625
99.96678161621094
99.96941375732422
99.9747543334961
99.97135925292969
99.97257232666016
99.97052001953125
99.97029113769531
99.9692611694336
99.96170806884766
99.9513168334961
99.95780944824219
99.96568298339844
99.9710922241211
99.97572326660156
99.97834777832031
99.97774505615234
99.97335052490234
99.97178649902344
99.97604370117188
99.97644805908203
99.96894836425781
99.94671630859375
99.96621704101562
99.97132110595703
99.97434997558594
99.97918701171875
99.97937774658203
99.96339416503906
99.9761734008789
99.97742462158203
99.9699935913086
99.95247650146484
99.96766662597656
99.97254943847656
99.96355438232422
99.97979736328125
99.98279571533203
99.97560119628906
99.98216247558594
99.98009490966797
99.97869873046875
99.97966766357422
99.96023559570312
99.9712142944336
99.96623229980469
99.97724914550781
99.9819564819336
99.98260498046875
99.98188781738281
99.98410034179688
99.98219299316406
99.9761734008789
99.97420501708984
99.9374771118164
99.96654510498047
99.97518157958984
99.97869110107422
99.9837875366211
99.98542022705078
99.98546600341797
99.98515319824219
99.98675537109375
99.98184204101562
99.97674560546875
99.98281860351562
99.96676635742188
99.98420715332031
99.98076629638672
99.9798355102539
99.9810791015625
99.94453430175781
99.973388671875
99.97824096679688
99.9837875366211
99.98329162597656
99.98624420166016
99.98556518554688
99.98784637451172
99.98482513427734
99.94672393798828
99.9717788696289
99.98286437988281
99.98638916015625
99.98741149902344
99.98489379882812
99.98968505859375
99.98977661132812
99.9869155883789
99.98775482177734
99.95858764648438
99.97058868408203
99.98028564453125
99.9858169555664
99.98758697509766
99.9893798828125
99.98997497558594
99.9900131225586
99.9903335571289
99.98682403564453
99.98736572265625
99.97023010253906
99.98025512695312
99.9687271118164
99.9700927734375
99.97982025146484
99.98764038085938
99.9873275756836
99.99101257324219
99.98977661132812
99.99144744873047
99.98968505859375
99.98650360107422
99.98883056640625
99.98750305175781
99.9846420288086
99.98623657226562
99.96981811523438
99.97818756103516
99.9815673828125
99.98919677734375
99.98442840576172
99.99114990234375
99.99151611328125
99.9921646118164
