99.9992446899414
99.98765563964844
99.97152709960938
99.96553039550781
99.96162414550781
99.95877838134766
99.94371032714844
99.96610260009766
99.94949340820312
99.95372009277344
99.95975494384766
99.94480895996094
99.91319274902344
99.92568969726562
99.94951629638672
99.924560546875
99.92655944824219
99.91490936279297
99.91674041748047
99.90721130371094
99.91522979736328
99.90821838378906
99.91209411621094
99.90375518798828
99.91230010986328
99.9092025756836
99.89950561523438
99.91938781738281
99.89869689941406
99.9100112915039
99.90663146972656
99.91273498535156
99.91998291015625
99.9088363647461
99.91899871826172
99.91957092285156
99.9197006225586
99.90547943115234
99.92355346679688
99.95660400390625
99.92339324951172
99.91687774658203
99.91033935546875
99.92330169677734
99.92253875732422
99.91622161865234
99.92476654052734
99.92485809326172
99.92630767822266
99.93819427490234
99.90565490722656
99.9244613647461
99.923583984375
99.9302749633789
99.9246597290039
99.93597412109375
99.94203186035156
99.92086029052734
99.93766784667969
99.93783569335938
99.93303680419922
99.92881774902344
99.92916107177734
99.9345474243164
99.93511199951172
99.9301528930664
99.9359359741211
99.93832397460938
99.94085693359375
99.93553924560547
99.93341827392578
99.94422149658203
99.94171142578125
99.95014953613281
99.93806457519531
99.95150756835938
99.93894958496094
99.92984008789062
99.94297790527344
99.9402084350586
99.94588470458984
99.94442749023438
99.95015716552734
99.94949340820312
99.95144653320312
99.9522933959961
99.94871520996094
99.94861602783203
99.95126342773438
99.94132232666016
99.95374298095703
99.95600128173828
99.94542694091797
99.94837188720703
99.94706726074219
99.94842529296875
99.94947052001953
99.95195007324219
99.95687866210938
99.95829010009766
