99.98420715332031
99.9625015258789
99.97830200195312
99.98054504394531
99.95435333251953
99.95848083496094
99.94066619873047
99.92337036132812
99.94334411621094
99.9374008178711
99.929443359375
99.92469787597656
99.90703582763672
99.93177795410156
99.90740966796875
99.91184997558594
99.9077377319336
99.91767120361328
99.91177368164062
99.91813659667969
99.9229507446289
99.9326400756836
99.90929412841797
99.92744445800781
99.93810272216797
99.9097671508789
99.93225860595703
99.93683624267578
99.94306182861328
99.932373046875
99.9416275024414
99.94388580322266
99.9444808959961
99.93565368652344
99.9429931640625
99.94183349609375
99.95244598388672
99.94329071044922
99.9470443725586
99.94054412841797
99.93059539794922
99.943359375
99.95074462890625
99.95674133300781
99.96072387695312
99.95967102050781
99.96360778808594
99.95645904541016
99.94312286376953
99.95909118652344
99.96536254882812
99.94303131103516
99.95478057861328
99.96006774902344
99.96548461914062
99.96856689453125
99.9655990600586
99.96892547607422
99.94583129882812
99.96949768066406
99.9498291015625
99.94656372070312
99.96211242675781
99.96849060058594
99.97284698486328
99.97461700439453
99.95464324951172
99.9532241821289
99.97013854980469
99.97502899169922
99.9748306274414
99.98028564453125
99.9747314453125
99.97924041748047
99.9769058227539
99.94828796386719
99.96713256835938
99.97391510009766
99.97599792480469
99.97655487060547
99.97184753417969
99.98042297363281
99.98052978515625
99.95197296142578
99.9589614868164
99.96483612060547
99.97279357910156
99.98001098632812
99.94795989990234
99.9775161743164
99.98038482666016
99.9818344116211
99.98268127441406
99.97644805908203
99.9814682006836
99.97899627685547
99.98388671875
99.97766876220703
99.97742462158203
99.98252868652344
