99.99061584472656
99.9584732055664
99.98075866699219
99.9588394165039
99.93174743652344
99.98027801513672
99.9395523071289
99.95508575439453
99.9416275024414
99.92646789550781
99.92404174804688
99.93535614013672
99.92787170410156
99.94705200195312
99.91023254394531
99.93051147460938
99.91073608398438
99.93473052978516
99.9273910522461
99.91496276855469
99.90917205810547
99.9261703491211
99.91934967041016
99.93505096435547
99.92657470703125
99.91328430175781
99.93416595458984
99.92414855957031
99.93115234375
99.92377471923828
99.91552734375
99.91728210449219
99.93185424804688
99.93687438964844
99.93447875976562
99.93938446044922
99.9496841430664
99.93852996826172
99.94029235839844
99.94285583496094
99.93328094482422
99.94304656982422
99.93742370605469
99.94303894042969
99.95072174072266
99.93190002441406
99.93602752685547
99.9439468383789
99.93932342529297
99.95640563964844
99.95088195800781
99.9536361694336
99.93511199951172
99.9083023071289
99.95271301269531
99.95025634765625
99.9576187133789
99.96295928955078
99.96273803710938
99.95780944824219
99.9645004272461
99.95205688476562
99.94983673095703
99.95375061035156
99.95884704589844
99.96691131591797
99.9682846069336
99.968505859375
99.95938110351562
99.94358825683594
99.95366668701172
99.9566879272461
99.97025299072266
99.96952056884766
99.97574615478516
99.97367095947266
99.9697265625
99.96976470947266
99.96833801269531
99.95023345947266
99.96270751953125
99.9684066772461
99.97553253173828
99.97837829589844
99.9766845703125
99.97308349609375
99.9765625
99.97189331054688
99.9571533203125
99.95941925048828
99.9716796875
99.97390747070312
99.97713470458984
99.97682189941406
99.98041534423828
99.97694396972656
99.98046112060547
99.95542907714844
99.97093963623047
99.96652221679688
