99.94284057617188
99.98514556884766
99.99449920654297
99.96373748779297
99.97682189941406
99.97880554199219
99.90039825439453
99.9223861694336
99.94388580322266
99.9095230102539
99.89920043945312
99.8985366821289
99.91326904296875
99.89889526367188
99.89930725097656
99.92363739013672
99.90768432617188
99.89159393310547
99.90007019042969
99.90756225585938
99.9226303100586
99.91914367675781
99.87606811523438
99.90705871582031
99.91031646728516
99.9141845703125
99.9339828491211
99.9092788696289
99.91898345947266
99.91400146484375
99.93489074707031
99.92757415771484
99.92445373535156
99.92213439941406
99.91789245605469
99.92250061035156
99.93121337890625
99.94066619873047
99.9359359741211
99.94821166992188
99.9502182006836
99.91657257080078
99.9408187866211
99.94200897216797
99.9462661743164
99.94145202636719
99.94171142578125
99.91386413574219
99.9209976196289
99.94470977783203
99.94891357421875
99.95520782470703
99.94646453857422
99.95536804199219
99.95796966552734
99.9229965209961
99.94208526611328
99.94740295410156
99.95825958251953
99.9609375
99.95758819580078
99.96092224121094
99.95914459228516
99.96123504638672
99.9442138671875
99.94978332519531
99.96084594726562
99.96665954589844
99.96566009521484
99.96878051757812
99.96926879882812
99.96971130371094
99.96646881103516
99.93986511230469
99.93997192382812
99.96095275878906
99.9649887084961
99.97225189208984
99.96823120117188
99.97279357910156
99.963623046875
99.974609375
99.97651672363281
99.96883392333984
99.95439910888672
99.96925354003906
99.97093963623047
99.97760009765625
99.9723892211914
99.97808074951172
99.9811782836914
99.97228240966797
99.95450592041016
99.96800994873047
99.97538757324219
99.9786148071289
99.98251342773438
99.97516632080078
99.97953796386719
99.98136138916016
