99.97213745117188
99.98255920410156
99.96468353271484
99.95901489257812
99.9313735961914
99.92965698242188
99.95318603515625
99.95960235595703
99.91987609863281
99.95225524902344
99.94169616699219
99.94551849365234
99.9614486694336
99.9227523803711
99.94396209716797
99.88713073730469
99.92837524414062
99.91407775878906
99.92913055419922
99.92617797851562
99.91606140136719
99.93042755126953
99.92682647705078
99.9260025024414
99.9052505493164
99.91728210449219
99.91947174072266
99.92890930175781
99.95210266113281
99.92070007324219
99.91464233398438
99.92396545410156
99.92948913574219
99.93672180175781
99.90258026123047
99.92498779296875
99.9212646484375
99.9228286743164
99.93547821044922
99.9439926147461
99.93566131591797
99.94430541992188
99.9507827758789
99.9409408569336
99.92884826660156
99.9372329711914
99.94922637939453
99.93824005126953
99.94023132324219
99.95027923583984
99.94353485107422
99.93167877197266
99.94676971435547
99.94422149658203
99.94981384277344
99.9515151977539
99.93769836425781
99.94221496582031
99.94918060302734
99.95040893554688
99.95013427734375
99.9520263671875
99.95337677001953
99.95182037353516
99.9400405883789
99.9526596069336
99.95604705810547
99.95225524902344
99.95890808105469
99.96186828613281
99.96119689941406
99.93273162841797
99.94393157958984
99.95240020751953
99.95658111572266
99.96685791015625
99.96553039550781
99.96812438964844
99.96609497070312
99.95746612548828
