99.97235107421875
99.9932632446289
99.94860076904297
99.97038269042969
99.94680786132812
99.9659423828125
99.92999267578125
99.94718170166016
99.91099548339844
99.95374298095703
99.90982818603516
99.94202423095703
99.95235443115234
99.9259262084961
99.91206359863281
99.9169692993164
99.93950653076172
99.93052673339844
99.93671417236328
99.90728759765625
99.92388153076172
99.91576385498047
99.9237289428711
99.93607330322266
99.89041137695312
99.91812133789062
99.93782806396484
99.9450454711914
99.92572784423828
99.92266082763672
99.92449188232422
99.9269790649414
99.92285919189453
99.92155456542969
99.93353271484375
99.93345642089844
99.92801666259766
99.92828369140625
99.9298324584961
99.93849182128906
99.9423599243164
99.93470001220703
99.91325378417969
99.93399047851562
99.92363739013672
99.93162536621094
99.93709564208984
99.93864440917969
99.93618774414062
99.92684173583984
99.94441223144531
99.94621276855469
99.94491577148438
99.94596099853516
99.9484634399414
99.95027923583984
99.95311737060547
99.9546890258789
99.95249938964844
99.93428039550781
99.94034576416016
99.94771575927734
99.95316314697266
99.95655059814453
99.95720672607422
99.9612808227539
99.95755767822266
99.93916320800781
99.94786071777344
99.95233917236328
99.95710754394531
99.96311950683594
99.96280670166016
99.96546173095703
99.93840026855469
99.95259857177734
99.95240783691406
99.9616928100586
99.95927429199219
99.97124481201172
