99.99845123291016
99.9923324584961
99.98535919189453
99.97335815429688
99.9826431274414
99.96320343017578
99.97801208496094
99.94590759277344
99.96976470947266
99.92584991455078
99.95313262939453
99.91632080078125
99.96611785888672
99.92636108398438
99.9266586303711
99.93965911865234
99.92681884765625
99.92981719970703
99.92485046386719
99.91695404052734
99.93360900878906
99.94075012207031
99.93355560302734
99.91230010986328
99.936279296875
99.94722747802734
99.93270874023438
99.93329620361328
99.92546081542969
99.926513671875
99.93848419189453
99.9245834350586
99.93540954589844
99.93547821044922
99.92373657226562
99.92987060546875
99.94355010986328
99.94866943359375
99.93155670166016
99.935302734375
99.94216918945312
99.94673156738281
99.94805908203125
99.9446792602539
99.95148468017578
99.95205688476562
99.92961883544922
99.9364242553711
99.94306182861328
99.95024108886719
99.94392395019531
99.94670867919922
99.9487075805664
99.95671844482422
99.95777893066406
99.95233154296875
99.94834899902344
99.95597839355469
99.95294952392578
99.94650268554688
99.9574203491211
99.95085906982422
99.95747375488281
99.95342254638672
99.96278381347656
99.96517181396484
99.96672058105469
99.95083618164062
99.95777130126953
99.95703125
99.95513916015625
99.955078125
99.94670867919922
99.94985961914062
99.95370483398438
99.95977020263672
99.96110534667969
99.96304321289062
99.96967315673828
99.96826934814453
99.95901489257812
99.9627685546875
99.96709442138672
99.96505737304688
99.96663665771484
99.9688720703125
99.96896362304688
99.97093200683594
99.94129180908203
99.96102142333984
99.96399688720703
99.96831512451172
99.97129821777344
99.97237396240234
99.97589874267578
99.97575378417969
99.9737777709961
99.97625732421875
99.96627807617188
99.9727783203125
