99.98076629638672
99.97463989257812
99.98268127441406
99.96598815917969
99.97105407714844
99.96888732910156
99.9613265991211
99.95342254638672
99.96817016601562
99.92501068115234
99.94365692138672
99.9636001586914
99.92170715332031
99.93022918701172
99.93524169921875
99.9251708984375
99.93256378173828
99.92951202392578
99.92892456054688
99.92431640625
99.94039916992188
99.91897583007812
99.92532348632812
99.92512512207031
99.94328308105469
99.93003845214844
99.92145538330078
99.92542266845703
99.93065643310547
99.93513488769531
99.93709564208984
99.94709777832031
99.91999053955078
99.92459869384766
99.9296646118164
99.93827056884766
99.9388427734375
99.94475555419922
99.94853973388672
99.94388580322266
99.92120361328125
99.9412841796875
99.94375610351562
99.94317626953125
99.94728088378906
99.95035552978516
99.95965576171875
99.95587921142578
99.94833374023438
99.94843292236328
99.94781494140625
99.9494857788086
99.94914245605469
99.95832824707031
99.9524154663086
99.96084594726562
99.96431732177734
99.95857238769531
99.96029663085938
99.94136810302734
99.94709777832031
99.96074676513672
99.96172332763672
99.96627807617188
99.97040557861328
99.95252227783203
99.96431732177734
99.93946075439453
99.94975280761719
99.95418548583984
99.96089172363281
99.96733093261719
99.97142028808594
99.97183227539062
99.96940612792969
99.97274780273438
99.97459411621094
99.94527435302734
99.9571533203125
99.96891784667969
