99.99652862548828
99.9767074584961
99.98519134521484
99.9443359375
99.95356750488281
99.9524917602539
99.9423828125
99.94058990478516
99.942626953125
99.91870880126953
99.93756866455078
99.91602325439453
99.94532775878906
99.93235778808594
99.92317199707031
99.91925048828125
99.918701171875
99.9171371459961
99.90311431884766
99.94178009033203
99.92415618896484
99.93183135986328
99.91779327392578
99.93179321289062
99.93948364257812
99.92831420898438
99.92794036865234
99.92073059082031
99.9268798828125
99.93146514892578
99.92868041992188
99.931884765625
99.93587493896484
99.94881439208984
99.93480682373047
99.93228912353516
99.95368194580078
99.93843078613281
99.94757843017578
99.94894409179688
99.94598388671875
99.95014953613281
99.9494857788086
99.93394470214844
99.94148254394531
99.94802856445312
99.95259094238281
99.96284484863281
99.95671844482422
99.9580307006836
99.9573974609375
99.95465850830078
99.95854949951172
99.95935821533203
99.9423599243164
99.951416015625
99.96102142333984
99.95621490478516
99.9649887084961
99.96668243408203
99.96974182128906
99.96407318115234
99.97359466552734
99.97505187988281
99.96753692626953
99.93861389160156
99.95916748046875
99.96707916259766
99.96729278564453
99.972412109375
99.97614288330078
99.9775390625
99.97090911865234
99.97320556640625
99.97483825683594
99.97283935546875
99.97624206542969
99.97312927246094
99.9507827758789
99.96246337890625
99.97048950195312
99.9732666015625
99.98023223876953
99.9797134399414
99.98062133789062
99.97721099853516
99.9715805053711
99.98289489746094
99.98257446289062
99.97837829589844
99.98086547851562
99.97945404052734
99.9487075805664
99.97260284423828
99.9747085571289
99.98365020751953
99.98176574707031
99.98495483398438
99.98853302001953
99.98834991455078
