99.9994888305664
99.98548126220703
99.97164916992188
99.95453643798828
99.95307159423828
99.9627456665039
99.93794250488281
99.94857025146484
99.94557189941406
99.95437622070312
99.92385864257812
99.85369110107422
99.94004821777344
99.94366455078125
99.91480255126953
99.9201431274414
99.92464447021484
99.92728424072266
99.90512084960938
99.91490173339844
99.8821029663086
99.90979766845703
99.92782592773438
99.92511749267578
99.9193115234375
99.92320251464844
99.92230987548828
99.91613006591797
99.9170150756836
99.91398620605469
99.94672393798828
99.94145202636719
99.90618896484375
99.93431854248047
99.93206787109375
99.94218444824219
99.93572998046875
99.93526458740234
99.93480682373047
99.93163299560547
99.93021392822266
99.9390640258789
99.93525695800781
99.94485473632812
99.94017791748047
99.93919372558594
99.94110107421875
99.94918823242188
99.93096160888672
99.9480972290039
99.93859100341797
99.94464111328125
99.94639587402344
99.9373550415039
99.94650268554688
99.94957733154297
99.94789123535156
99.93922424316406
99.9416275024414
99.94971466064453
99.9510269165039
99.9487533569336
99.95604705810547
99.9546890258789
99.9611587524414
99.96031188964844
99.966796875
99.95838928222656
99.96077728271484
99.96001434326172
99.96561431884766
99.94828796386719
99.9434814453125
99.95716857910156
99.96228790283203
99.96450805664062
99.968017578125
99.9692611694336
99.95724487304688
99.9629135131836
99.9657974243164
99.96614837646484
99.96526336669922
99.95285034179688
99.95988464355469
99.95984649658203
99.9641342163086
99.97085571289062
99.97453308105469
99.97210693359375
99.9708023071289
99.96947479248047
99.9708480834961
99.9619140625
99.97029876708984
99.97254943847656
99.96575927734375
99.97116088867188
99.94707489013672
99.9573974609375
