99.999755859375
99.98567962646484
99.98361206054688
99.96881866455078
99.96217346191406
99.96965026855469
99.95320129394531
99.95613098144531
99.93608093261719
99.93663024902344
99.94635772705078
99.94117736816406
99.92382049560547
99.93594360351562
99.93753814697266
99.90628051757812
99.92042541503906
99.89671325683594
99.93179321289062
99.91319274902344
99.91010284423828
99.9337387084961
99.90865325927734
99.91156005859375
99.9189224243164
99.9278564453125
99.92823791503906
99.9149169921875
99.9315414428711
99.92230224609375
99.91931915283203
99.91091918945312
99.90734100341797
99.90863037109375
99.9156494140625
99.9250259399414
99.92025756835938
99.91873931884766
99.92092895507812
99.92146301269531
99.91389465332031
99.93331146240234
99.9283676147461
99.92771911621094
99.92671966552734
99.93325805664062
99.92764282226562
99.9365005493164
99.93305206298828
99.92066955566406
99.91366577148438
99.92779541015625
99.92378234863281
99.92202758789062
99.93050384521484
99.93225860595703
99.93821716308594
99.93572998046875
99.93785095214844
99.9383773803711
99.93473815917969
99.93559265136719
99.93647003173828
99.94397735595703
99.94322967529297
99.94308471679688
99.94403076171875
99.94303894042969
99.94208526611328
99.92890930175781
99.94332122802734
99.93319702148438
99.94003295898438
99.94213104248047
99.94164276123047
99.94941711425781
99.94969940185547
99.94805145263672
99.94430541992188
99.95472717285156
99.9526138305664
99.9513168334961
99.94529724121094
99.9529800415039
99.95064544677734
99.9444580078125
99.95323181152344
99.95543670654297
99.95726013183594
99.93870544433594
99.9411849975586
99.94709777832031
99.94892883300781
99.95342254638672
99.95491790771484
99.9569091796875
99.95878601074219
99.95856475830078
99.95845794677734
99.95758819580078
