99.9908447265625
99.98396301269531
99.9598388671875
99.95555114746094
99.97276306152344
99.9352798461914
99.96311950683594
99.9386215209961
99.93522644042969
99.93331146240234
99.9215087890625
99.9289321899414
99.9365005493164
99.92608642578125
99.93972778320312
99.90828704833984
99.92465209960938
99.92941284179688
99.92256164550781
99.90137481689453
99.9208755493164
99.92606353759766
99.918212890625
99.92762756347656
99.92889404296875
99.93956756591797
99.94343566894531
99.91864776611328
99.91382598876953
99.9274673461914
99.93582916259766
99.93354797363281
99.93192291259766
99.93524169921875
99.93772888183594
99.94300842285156
99.93511199951172
99.93064880371094
99.93914794921875
99.94197845458984
99.94617462158203
99.94952392578125
99.94794464111328
99.94611358642578
99.94567108154297
99.95174407958984
99.95304870605469
99.95802307128906
99.95532989501953
99.95594024658203
99.95044708251953
99.9554214477539
99.94369506835938
99.9478530883789
99.9465560913086
99.95740509033203
99.95731353759766
99.96316528320312
99.959716796875
99.96126556396484
99.96663665771484
99.96393585205078
99.96089935302734
99.96443176269531
99.96371459960938
99.96688079833984
99.96531677246094
99.97053527832031
99.94096374511719
99.95364379882812
99.96105194091797
99.96308135986328
99.96649169921875
99.97064208984375
99.9700927734375
99.97035217285156
99.96773529052734
99.97123718261719
99.96766662597656
99.9677505493164
99.96956634521484
99.96990203857422
99.97433471679688
99.970947265625
99.94401550292969
99.9660415649414
99.96421813964844
99.96940612792969
99.972412109375
99.97303009033203
99.97647094726562
99.96837615966797
99.97927856445312
99.97735595703125
99.97535705566406
99.97595977783203
99.96975708007812
99.95616912841797
99.96870422363281
99.9677505493164
