99.99007415771484
99.96590423583984
99.97810363769531
99.96050262451172
99.97529602050781
99.95500946044922
99.94889831542969
99.93545532226562
99.9281234741211
99.94261169433594
99.92900848388672
99.91268157958984
99.91532135009766
99.91007995605469
99.92635345458984
99.91377258300781
99.92442321777344
99.92967987060547
99.91434478759766
99.89962768554688
99.89361572265625
99.90345764160156
99.92152404785156
99.9204330444336
99.91456604003906
99.93279266357422
99.93453979492188
99.93853759765625
99.9272232055664
99.92878723144531
99.92504119873047
99.92430114746094
99.92453002929688
99.93795776367188
99.92256164550781
99.93882751464844
99.94532012939453
99.93998718261719
99.93584442138672
99.94717407226562
99.94224548339844
99.94022369384766
99.94373321533203
99.93952178955078
99.93920135498047
99.94342041015625
99.94841003417969
99.9512939453125
99.95205688476562
99.94990539550781
99.95069122314453
99.95479583740234
99.95271301269531
99.93636322021484
99.94554901123047
99.94734191894531
99.94758605957031
99.95328521728516
99.95780944824219
99.96371459960938
99.96202850341797
99.95604705810547
99.95616912841797
99.9608154296875
99.9603500366211
99.96173095703125
99.96749877929688
99.96110534667969
99.94110107421875
99.95748901367188
99.96210479736328
99.96328735351562
99.96458435058594
99.96521759033203
99.97114562988281
99.96666717529297
99.96832275390625
99.97029113769531
99.94767761230469
99.95755767822266
99.9574966430664
99.96488952636719
99.96934509277344
99.96991729736328
99.96803283691406
99.97350311279297
99.97352600097656
99.97516632080078
99.97208404541016
99.97472381591797
99.97132110595703
99.97428894042969
99.97382354736328
99.97437286376953
99.95275115966797
99.96207427978516
99.97257232666016
99.96892547607422
99.97750091552734
99.97724151611328
