99.99504089355469
99.99304962158203
99.98052978515625
99.98060607910156
99.97525024414062
99.96630859375
99.9497299194336
99.96957397460938
99.94303894042969
99.94551849365234
99.951416015625
99.95262145996094
99.93103790283203
99.92009735107422
99.9367904663086
99.92912292480469
99.93388366699219
99.9215087890625
99.90290069580078
99.91857147216797
99.92974853515625
99.9096450805664
99.91812896728516
99.9238052368164
99.93216705322266
99.91340637207031
99.91035461425781
99.91456604003906
99.91606903076172
99.91795349121094
99.92200469970703
99.91156768798828
99.94940185546875
99.92769622802734
99.92971801757812
99.92813110351562
99.92878723144531
99.92585754394531
99.93130493164062
99.93331146240234
99.93531799316406
99.92805480957031
99.93474578857422
99.93866729736328
99.94052124023438
99.93938446044922
99.94612121582031
99.94901275634766
99.9430923461914
99.94181060791016
99.95089721679688
99.94180297851562
99.94576263427734
99.94489288330078
99.93974304199219
99.95044708251953
99.95268249511719
99.95612335205078
99.95291900634766
99.9609146118164
99.96221923828125
99.95672607421875
99.9597396850586
99.95990753173828
99.95602416992188
99.95850372314453
99.96456146240234
99.9612808227539
99.96162414550781
99.95916748046875
99.95655059814453
99.95728302001953
99.96148681640625
99.96009063720703
99.96440124511719
99.96617126464844
99.96929168701172
99.9693603515625
99.96794891357422
99.9708023071289
99.96578216552734
99.972412109375
99.97175598144531
99.97534942626953
99.97377014160156
99.96488952636719
99.9647445678711
99.96633911132812
99.96852111816406
99.97102355957031
99.97124481201172
99.97541046142578
99.97463989257812
99.97742462158203
99.97431945800781
99.97929382324219
99.97745513916016
99.97627258300781
99.9736099243164
99.97838592529297
