99.98387145996094
99.98802185058594
99.97709655761719
99.98095703125
99.95077514648438
99.96436309814453
99.95006561279297
99.92913818359375
99.92472839355469
99.95535278320312
99.93819427490234
99.94709777832031
99.95841217041016
99.93017578125
99.95003509521484
99.923583984375
99.94084167480469
99.92292022705078
99.92945861816406
99.93543243408203
99.94351959228516
99.92431640625
99.93193817138672
99.92936706542969
99.92705535888672
99.92094421386719
99.89763641357422
99.91715240478516
99.90802764892578
99.9184341430664
99.91047668457031
99.92074584960938
99.92236328125
99.93144989013672
99.91205596923828
99.91901397705078
99.92557525634766
99.91981506347656
99.9087905883789
99.93351745605469
99.935791015625
99.93197631835938
99.92955017089844
99.92965698242188
99.94331359863281
99.93104553222656
99.9228286743164
99.92334747314453
99.93399047851562
99.93287658691406
99.947998046875
99.94705200195312
99.91065979003906
99.93402862548828
99.9372329711914
99.94340515136719
99.94050598144531
99.94894409179688
99.9496841430664
99.94758605957031
99.93943786621094
99.93672943115234
99.94904327392578
99.9437026977539
99.95191192626953
99.9516830444336
99.9581298828125
99.9541015625
99.9423828125
99.9506607055664
99.94813537597656
99.95298767089844
99.95260620117188
99.96080017089844
99.95053100585938
99.96049499511719
99.94451141357422
99.94054412841797
99.95857238769531
99.96117401123047
99.96453857421875
99.95948791503906
99.96430969238281
99.96195983886719
99.94659423828125
99.95127868652344
99.96096801757812
99.96569061279297
99.96748352050781
99.96721649169922
99.9636001586914
99.92755889892578
99.94542694091797
99.95203399658203
99.95770263671875
99.96611022949219
99.97113037109375
99.96778869628906
99.96886444091797
99.96692657470703
99.97069549560547
99.96495819091797
99.93949127197266
99.95939636230469
99.96664428710938
99.9712905883789
99.974365234375
99.97423553466797
99.97563171386719
99.96998596191406
99.97445678710938
99.95100402832031
99.95934295654297
99.96527099609375
99.96710205078125
99.96735382080078
99.97598266601562
99.97639465332031
99.9747085571289
99.97383117675781
99.95741271972656
99.94990539550781
99.95987701416016
99.967041015625
99.9720687866211
99.97343444824219
99.9784164428711
99.96610260009766
99.96894836425781
99.97286987304688
99.94491577148438
99.96317291259766
99.95407104492188
99.96942138671875
99.9713134765625
99.97705841064453
99.97840881347656
99.976318359375
99.96849060058594
99.97907257080078
99.9598159790039
99.96697235107422
99.97140502929688
99.97566986083984
99.97528839111328
99.94701385498047
99.95853424072266
99.97010040283203
99.97714233398438
99.97945404052734
99.97727966308594
99.98054504394531
99.9832992553711
99.97845458984375
99.94921875
99.96054077148438
99.97675323486328
99.9742431640625
99.97967529296875
99.98361206054688
99.9801025390625
99.98079681396484
99.97645568847656
99.97908782958984
99.97318267822266
99.92479705810547
99.95658111572266
99.97016143798828
99.97620391845703
99.98194885253906
99.98255920410156
99.9810791015625
99.98529052734375
99.98181915283203
99.97742462158203
99.97045135498047
99.95451354980469
99.96307373046875
99.97404479980469
99.98065185546875
99.9696044921875
99.98040008544922
99.98653411865234
99.98421478271484
99.9846420288086
99.98456573486328
99.9747314453125
99.97230529785156
99.98088836669922
99.9811019897461
99.97974395751953
99.94578552246094
99.96672058105469
99.97265625
99.97907257080078
99.98046875
99.98434448242188
99.98609924316406
99.98441314697266
99.98502349853516
