99.9900131225586
99.98773193359375
99.94966888427734
99.98468017578125
99.95835876464844
99.97623443603516
99.94448852539062
99.92859649658203
99.93708038330078
99.91775512695312
99.93780517578125
99.9311752319336
99.92980194091797
99.91031646728516
99.94810485839844
99.9212646484375
99.91632843017578
99.92764282226562
99.91635131835938
99.92274475097656
99.92786407470703
99.93357849121094
99.93213653564453
99.93437194824219
99.93013763427734
99.92550659179688
99.93110656738281
99.93478393554688
99.9322509765625
99.93824005126953
99.94078063964844
99.93592834472656
99.93167877197266
99.9286880493164
99.94334411621094
99.9416732788086
99.94165802001953
99.94110870361328
99.94780731201172
99.94661712646484
99.9557876586914
99.94698333740234
99.94436645507812
99.93241882324219
99.94168853759766
99.94519805908203
99.94766235351562
99.95063018798828
99.95033264160156
99.95520782470703
99.94913482666016
99.95375061035156
99.95306396484375
99.95396423339844
99.94214630126953
99.95389556884766
99.95048522949219
99.95547485351562
99.95872497558594
99.96190643310547
99.9664535522461
99.95301055908203
99.9572525024414
99.96358489990234
99.95941162109375
99.96723937988281
99.96544647216797
99.96360778808594
99.96475219726562
99.96149444580078
99.95084381103516
99.95853424072266
99.96260070800781
99.96614074707031
99.96927642822266
99.96829986572266
99.97127532958984
99.97377014160156
99.97283172607422
99.96031951904297
99.959716796875
99.95651245117188
99.9627456665039
99.97014617919922
99.96908569335938
99.97045135498047
99.9752197265625
99.96966552734375
99.97432708740234
99.9742431640625
99.97527313232422
99.97238159179688
99.97109985351562
99.95380401611328
99.95726013183594
99.9716796875
99.9757080078125
99.97611999511719
99.97789001464844
99.97761535644531
