99.99459075927734
99.98361206054688
99.96910095214844
99.96807861328125
99.98625946044922
99.94279479980469
99.96170806884766
99.96006774902344
99.94593048095703
99.95967102050781
99.9533920288086
99.93793487548828
99.91087341308594
99.94212341308594
99.93704223632812
99.89129638671875
99.91708374023438
99.94087982177734
99.90971374511719
99.9171371459961
99.92622375488281
99.9173583984375
99.91213989257812
99.91694641113281
99.92247772216797
99.91487121582031
99.91502380371094
99.9195556640625
99.92366027832031
99.93028259277344
99.9298324584961
99.92434692382812
99.9459457397461
99.92224884033203
99.92424011230469
99.92647552490234
99.93560028076172
99.9305191040039
99.93698120117188
99.93287658691406
99.9463882446289
99.94091796875
99.94001770019531
99.92644500732422
99.93714904785156
99.93816375732422
99.94105529785156
99.93971252441406
99.9508285522461
99.9476318359375
99.94313049316406
99.94905853271484
99.9489974975586
99.94554901123047
99.94898986816406
99.94119262695312
99.9484634399414
99.9406967163086
99.94480895996094
99.9491195678711
99.95719909667969
99.95856475830078
99.9570083618164
99.96061706542969
99.9632568359375
99.9627685546875
99.96443176269531
99.9578628540039
99.95812225341797
99.95941925048828
99.96218872070312
99.96604919433594
99.96235656738281
99.9573974609375
99.96685791015625
99.96273803710938
99.9728775024414
99.95024108886719
99.95507049560547
99.96334075927734
99.9630355834961
99.96823120117188
99.97123718261719
99.97103881835938
99.97002410888672
99.97525787353516
99.96863555908203
99.97053527832031
99.97107696533203
99.96939849853516
99.96859741210938
99.97398376464844
99.96635437011719
99.96514892578125
99.96530151367188
99.96981811523438
99.93860626220703
99.96092987060547
99.9654769897461
99.97026062011719
