98.93538665771484
99.87261199951172
99.96322631835938
99.98411560058594
99.98265838623047
99.98129272460938
99.97393798828125
99.97190856933594
99.96206665039062
99.95872497558594
99.95254516601562
99.95164489746094
99.95616912841797
99.94731903076172
99.94424438476562
99.93286895751953
99.93993377685547
99.94080352783203
99.94003295898438
99.94596862792969
99.93984985351562
99.94124603271484
99.91824340820312
99.91960144042969
99.92998504638672
99.92464447021484
99.91094207763672
99.93379211425781
99.92420959472656
99.91900634765625
99.9241943359375
99.91255187988281
99.94373321533203
99.90914154052734
99.90475463867188
99.9236068725586
99.90940856933594
99.91719055175781
99.91899108886719
99.91632843017578
99.92686462402344
99.91777801513672
99.9209213256836
99.92748260498047
99.91970825195312
99.92157745361328
99.92101287841797
99.92452239990234
99.91327667236328
99.91744995117188
99.91978454589844
99.92684173583984
99.92918395996094
99.92573547363281
99.93094635009766
99.93231201171875
99.91827392578125
99.9419937133789
99.94280242919922
99.93605041503906
99.93224334716797
99.93394470214844
99.94440460205078
99.93685913085938
99.93093872070312
99.94249725341797
99.94508361816406
99.92888641357422
99.94441986083984
99.93402099609375
99.94810485839844
99.94062042236328
99.9424057006836
99.93901824951172
99.94647216796875
99.94873046875
99.93769836425781
99.941162109375
99.94976806640625
99.94631958007812
99.95096588134766
99.95116424560547
99.94554138183594
99.94857025146484
99.94420623779297
99.9450454711914
99.94864654541016
99.95173645019531
99.95365142822266
99.9524154663086
99.95568084716797
99.95203399658203
99.95082092285156
99.95745086669922
99.95710754394531
99.96109771728516
99.95286560058594
99.95660400390625
99.95796203613281
99.96141815185547
