99.99705505371094
99.99581146240234
99.9888916015625
99.98004150390625
99.9739761352539
99.9664306640625
99.9738998413086
99.95735168457031
99.9583511352539
99.92854309082031
99.94322967529297
99.96368408203125
99.9334716796875
99.95027923583984
99.93458557128906
99.93846130371094
99.90045166015625
99.9223403930664
99.92762756347656
99.9411849975586
99.92058563232422
99.93071746826172
99.92886352539062
99.92328643798828
99.92665100097656
99.91936492919922
99.93273162841797
99.93500518798828
99.93238830566406
99.93306732177734
99.91594696044922
99.9186019897461
99.92686462402344
99.92639923095703
99.92279815673828
99.92676544189453
99.9227066040039
99.93232727050781
99.95063781738281
99.93861389160156
99.93309783935547
99.93476104736328
99.93394470214844
99.93576049804688
99.94078063964844
99.947998046875
99.93440246582031
99.94156646728516
99.94598388671875
99.94829559326172
99.94454956054688
99.94679260253906
99.94440460205078
99.94112396240234
99.94298553466797
99.94990539550781
99.94941711425781
99.94551086425781
99.95317840576172
99.95637512207031
99.95144653320312
99.95716094970703
99.95478057861328
99.95829010009766
99.95957946777344
99.95553588867188
99.94945526123047
99.95526123046875
99.95679473876953
99.9543228149414
99.95660400390625
99.96090698242188
99.96308135986328
99.96280670166016
99.96415710449219
99.966552734375
99.96343231201172
99.95558166503906
99.9663314819336
99.96925354003906
99.96882629394531
99.96844482421875
99.96878814697266
99.95914459228516
99.96105194091797
99.96153259277344
99.96772766113281
99.96965026855469
99.97218322753906
99.97222137451172
99.97673034667969
99.97489166259766
99.97565460205078
99.973876953125
99.97511291503906
99.9738540649414
99.97518157958984
99.97754669189453
99.9788589477539
99.97461700439453
99.9666519165039
99.9765853881836
99.97018432617188
99.9681167602539
99.97262573242188
99.9747543334961
99.97674560546875
99.97791290283203
99.97959899902344
99.98211669921875
99.98255920410156
99.98137664794922
99.98126983642578
99.98179626464844
99.97383117675781
99.9808578491211
99.97728729248047
99.97702026367188
99.98200225830078
99.98222351074219
99.98408508300781
99.98175811767578
99.98175811767578
99.97603607177734
99.9811019897461
99.98193359375
99.98262023925781
99.97928619384766
99.98397064208984
99.97726440429688
99.98543548583984
99.98580169677734
99.98701477050781
99.98377990722656
99.986572265625
99.98568725585938
99.98556518554688
99.9866943359375
99.98715209960938
99.98624420166016
99.98728942871094
99.98760986328125
99.9853744506836
99.98677825927734
99.98319244384766
99.98573303222656
99.98741912841797
99.98770141601562
99.98706817626953
99.97222137451172
99.96894073486328
99.9852066040039
99.98545837402344
99.98741149902344
99.98808288574219
99.98888397216797
99.98979187011719
99.98978424072266
99.98921966552734
99.9871597290039
99.98902893066406
99.98722076416016
99.9881362915039
99.97284698486328
99.98064422607422
99.97813415527344
99.9864501953125
99.98802185058594
99.98908233642578
99.99006652832031
99.99020385742188
99.9904556274414
99.98948669433594
99.99080657958984
99.99018859863281
99.98974609375
99.99154663085938
99.98314666748047
99.98603820800781
99.9869384765625
99.9891357421875
99.9881591796875
99.99030303955078
99.98773193359375
99.9910888671875
99.99193572998047
99.968017578125
99.98709869384766
99.98783874511719
99.99036407470703
99.99082946777344
99.99154663085938
99.9923324584961
99.99214172363281
99.99202728271484
99.9927978515625
99.97837829589844
99.97428131103516
99.98633575439453
99.9894790649414
99.99105072021484
99.99191284179688
99.9925537109375
99.991943359375
99.98941040039062
99.99238586425781
99.99235534667969
99.99308013916016
99.99051666259766
99.97549438476562
99.98524475097656
99.98780059814453
99.99044036865234
99.99171447753906
99.99244689941406
99.99232482910156
99.99268341064453
99.99348449707031
99.99176025390625
99.9933090209961
99.99357604980469
99.99393463134766
99.99092864990234
99.99189758300781
99.99058532714844
99.99285125732422
99.98948669433594
99.99140167236328
99.99360656738281
99.98479461669922
99.9923095703125
99.9930191040039
99.99372100830078
99.99309539794922
99.99276733398438
99.97557067871094
99.98719787597656
99.99041748046875
99.99016571044922
99.99288177490234
99.99383544921875
99.99433135986328
99.9884033203125
99.99434661865234
99.99199676513672
99.99364471435547
99.99022674560547
99.99398803710938
99.99292755126953
99.99374389648438
99.99446868896484
99.99513244628906
99.99405670166016
99.99329376220703
99.98329162597656
99.9915771484375
99.99272918701172
99.99442291259766
99.99445343017578
99.99391174316406
99.99504089355469
99.99383544921875
99.99540710449219
99.99568176269531
99.99597930908203
99.98470306396484
99.98831939697266
99.99336242675781
99.9946517944336
99.995361328125
99.99456024169922
99.99530792236328
99.99543762207031
99.99486541748047
99.99476623535156
99.99500274658203
99.99559783935547
99.99430847167969
99.99488067626953
99.99601745605469
99.99591827392578
99.99420166015625
99.98788452148438
99.99303436279297
99.99559783935547
99.9955825805664
99.99486541748047
99.99516296386719
99.99554443359375
99.98667907714844
99.9920654296875
99.99433898925781
99.99500274658203
99.9958724975586
99.99590301513672
99.9963150024414
99.99649047851562
99.99655151367188
99.99679565429688
99.9908218383789
