99.96638488769531
99.97177124023438
99.97542572021484
99.95242309570312
99.95858764648438
99.955078125
99.95415496826172
99.93772888183594
99.94602966308594
99.95597076416016
99.9620361328125
99.93247985839844
99.93788146972656
99.93391418457031
99.92735290527344
99.92356872558594
99.9287338256836
99.9157943725586
99.94058227539062
99.9317855834961
99.92212677001953
99.92082977294922
99.9289779663086
99.92606353759766
99.91329956054688
99.90419006347656
99.92426300048828
99.9240951538086
99.92361450195312
99.91679382324219
99.92462921142578
99.92827606201172
99.92296600341797
99.92938232421875
99.92963409423828
99.93547821044922
99.93901824951172
99.9476318359375
99.94222259521484
99.9514389038086
99.94316101074219
99.93212890625
99.94200134277344
99.94483184814453
99.94670104980469
99.94827270507812
99.95452880859375
99.9572982788086
99.9533920288086
99.94515991210938
99.95048522949219
99.9471206665039
99.94629669189453
99.95467376708984
99.9582290649414
99.96334075927734
99.96240997314453
99.96331787109375
99.96282196044922
99.94734191894531
99.94579315185547
99.9598159790039
99.96083068847656
99.96343231201172
99.96745300292969
99.9619140625
99.96585845947266
99.97123718261719
99.96669006347656
99.94241333007812
99.95996856689453
99.96440124511719
99.96952819824219
99.97219848632812
99.97776794433594
99.97407531738281
99.9735107421875
99.9636001586914
99.97138214111328
99.95643615722656
99.95552062988281
99.96723175048828
99.97383117675781
99.9764175415039
99.97821044921875
99.98148345947266
99.97054290771484
99.9764175415039
99.97404479980469
99.97769165039062
99.97734069824219
99.9808349609375
99.97193908691406
99.97652435302734
99.94361877441406
99.96344757080078
99.97386169433594
99.97620391845703
99.98143768310547
99.9835433959961
