99.99615478515625
99.97435760498047
99.96308898925781
99.96566009521484
99.9454574584961
99.96205139160156
99.94415283203125
99.89533233642578
99.9271011352539
99.9166030883789
99.91455078125
99.91214752197266
99.91539764404297
99.93101501464844
99.9393081665039
99.92366790771484
99.91984558105469
99.91434478759766
99.92218780517578
99.93394470214844
99.92498016357422
99.9329833984375
99.91328430175781
99.90547180175781
99.9205322265625
99.925537109375
99.9392318725586
99.95445251464844
99.92098236083984
99.92495727539062
99.93050384521484
99.92701721191406
99.92921447753906
99.90486145019531
99.94206237792969
99.94918823242188
99.9294204711914
99.9450912475586
99.9293212890625
99.935791015625
99.9407730102539
99.9494857788086
99.94034576416016
99.95137786865234
99.95425415039062
99.94243621826172
99.93440246582031
99.9422607421875
99.94635009765625
99.95384979248047
99.95628356933594
99.94979095458984
99.94210052490234
99.93595123291016
99.94930267333984
99.95661163330078
99.95928192138672
99.9556655883789
99.962890625
99.96556091308594
99.96390533447266
99.96551513671875
99.9341812133789
99.95494079589844
99.9570541381836
99.95960998535156
99.9667739868164
99.96895599365234
99.96692657470703
99.96511840820312
99.96431732177734
99.95872497558594
99.93206787109375
99.95303344726562
99.96434020996094
99.96815490722656
99.9683837890625
99.9745101928711
99.97459411621094
99.97509765625
99.97511291503906
99.93769836425781
99.96197509765625
99.97028350830078
99.96794128417969
99.9736328125
99.97702026367188
99.97445678710938
99.97876739501953
99.97753143310547
99.97102355957031
99.97787475585938
99.97148895263672
99.97709655761719
99.92644500732422
99.9526596069336
99.97064208984375
99.97029113769531
99.97672271728516
99.98129272460938
99.98274993896484
99.97920989990234
99.98177337646484
99.98161315917969
99.98048400878906
99.91606140136719
99.96002197265625
99.97212219238281
99.97784423828125
99.98287200927734
99.9843521118164
99.982421875
99.98084259033203
99.97859954833984
99.97760009765625
99.97567749023438
99.95535278320312
99.96932983398438
99.97935485839844
99.98346710205078
99.9810791015625
99.98139953613281
99.9837875366211
99.98753356933594
99.98577117919922
99.97891235351562
99.98458862304688
99.9796142578125
99.97137451171875
99.95783233642578
99.97428894042969
99.98126220703125
99.98577880859375
99.98546600341797
99.98808288574219
99.98775482177734
99.9862289428711
99.98521423339844
99.98470306396484
99.98670196533203
99.98253631591797
99.95618438720703
99.97325897216797
99.98458099365234
99.98269653320312
99.98849487304688
99.99048614501953
99.98908233642578
99.98807525634766
99.9890365600586
