99.99138641357422
99.96984100341797
99.97343444824219
99.97875213623047
99.97959899902344
99.95559692382812
99.9393310546875
99.9395980834961
99.9428482055664
99.9317855834961
99.9313735961914
99.92491149902344
99.91232299804688
99.93521118164062
99.93961334228516
99.93480682373047
99.92186737060547
99.92838287353516
99.94336700439453
99.91830444335938
99.92243957519531
99.92383575439453
99.93404388427734
99.93231964111328
99.92900848388672
99.92818450927734
99.92012023925781
99.9251708984375
99.93772888183594
99.94306945800781
99.94741821289062
99.95355224609375
99.93315124511719
99.94532012939453
99.93400573730469
99.9217529296875
99.94042205810547
99.94776153564453
99.94837188720703
99.94902801513672
99.93187713623047
99.94309997558594
99.94593811035156
99.94896697998047
99.95006561279297
99.95092010498047
99.95640563964844
99.9430923461914
99.94941711425781
99.94403839111328
99.9500961303711
99.96125793457031
99.96405029296875
99.96224212646484
99.96231842041016
99.96183776855469
99.94538116455078
99.94461822509766
99.95437622070312
99.96505737304688
99.96620178222656
99.9710464477539
99.96947479248047
99.96769714355469
99.9703140258789
99.97177124023438
99.94529724121094
99.96131896972656
99.96475219726562
99.97085571289062
99.97343444824219
99.97563934326172
99.97479248046875
99.97692108154297
99.97615051269531
99.95620727539062
99.93830108642578
99.95047760009766
99.96388244628906
99.97257232666016
99.97652435302734
99.97943115234375
99.97774505615234
99.97250366210938
99.97905731201172
99.97378540039062
99.97301483154297
99.97977447509766
99.97837829589844
99.97953033447266
99.97569274902344
99.97260284423828
99.95475769042969
99.96490478515625
99.97245025634766
99.9762191772461
99.97899627685547
99.9798812866211
99.98387908935547
99.98225402832031
