99.97664642333984
99.9709701538086
99.97952270507812
99.9645767211914
99.96037292480469
99.94940948486328
99.9597396850586
99.938232421875
99.93898010253906
99.92493438720703
99.93307495117188
99.91681671142578
99.91704559326172
99.91139221191406
99.9206314086914
99.92050170898438
99.90496063232422
99.91976928710938
99.9205551147461
99.93917083740234
99.92427062988281
99.92753601074219
99.92566680908203
99.92265319824219
99.93135833740234
99.93199920654297
99.94696807861328
99.93941497802734
99.92791748046875
99.92859649658203
99.93116760253906
99.9336166381836
99.94738006591797
99.94345092773438
99.94271850585938
99.93268585205078
99.93946838378906
99.94384765625
99.94969177246094
99.95671844482422
99.93756103515625
99.94459533691406
99.94756317138672
99.94178771972656
99.93689727783203
99.9515151977539
99.95298767089844
99.95585632324219
99.9616928100586
99.95598602294922
99.94078063964844
99.95732116699219
99.9566421508789
99.96154022216797
99.9649429321289
99.96830749511719
99.96598052978516
99.96272277832031
99.96591186523438
99.94071960449219
99.95954895019531
99.96074676513672
99.9598159790039
99.96957397460938
99.9661865234375
99.96817016601562
99.97045135498047
99.96797180175781
99.97114562988281
99.9722671508789
99.97212982177734
99.95531463623047
99.96134948730469
99.97184753417969
99.97467041015625
99.97535705566406
99.97622680664062
99.97057342529297
99.97702026367188
99.97423553466797
99.9727783203125
99.97402954101562
99.93145751953125
99.96407318115234
99.97237396240234
99.9759521484375
99.97160339355469
99.97508239746094
99.97845458984375
99.9798812866211
99.98200988769531
99.98102569580078
99.96691131591797
99.94271087646484
99.96959686279297
99.96956634521484
99.97797393798828
99.98171997070312
99.98262786865234
99.98299407958984
