99.99022674560547
99.99502563476562
99.98587799072266
99.98514556884766
99.97765350341797
99.96334075927734
99.95970153808594
99.96824645996094
99.96394348144531
99.95735931396484
99.93712615966797
99.93861389160156
99.94500732421875
99.9336929321289
99.93668365478516
99.93701934814453
99.9240493774414
99.91976928710938
99.9160385131836
99.91844940185547
99.93163299560547
99.94197845458984
99.93091583251953
99.91075134277344
99.92452239990234
99.912109375
99.9099349975586
99.91996002197266
99.91028594970703
99.92170715332031
99.91558837890625
99.93266296386719
99.93515014648438
99.92088317871094
99.92733764648438
99.92401885986328
99.9219970703125
99.9191665649414
99.92842864990234
99.92803955078125
99.93156433105469
99.93696594238281
99.9367904663086
99.93836975097656
99.9465560913086
99.94336700439453
99.93521881103516
99.93083190917969
99.94325256347656
99.94127655029297
99.94329071044922
99.93507385253906
99.94564819335938
99.94168853759766
99.94922637939453
99.95177459716797
99.95317077636719
99.95366668701172
99.95317077636719
99.95097351074219
99.94685363769531
99.95487976074219
99.9488296508789
99.95500946044922
99.95646667480469
99.95366668701172
99.95433044433594
99.95942687988281
99.95661926269531
99.9593505859375
99.95596313476562
99.95645904541016
99.96270751953125
99.95851135253906
99.96131896972656
99.95903015136719
99.96360778808594
99.9645767211914
99.96265411376953
99.96182250976562
99.96060943603516
99.95967864990234
99.96331024169922
99.96236419677734
99.96492004394531
99.9651870727539
99.9695053100586
99.97045135498047
99.96743774414062
99.97212982177734
99.9691162109375
99.97172546386719
99.97061920166016
99.97146606445312
99.97087097167969
99.97140502929688
99.9743423461914
99.97298431396484
99.96481323242188
99.97022247314453
