99.99989318847656
99.99458312988281
99.9811019897461
99.97003173828125
99.96878814697266
99.96316528320312
99.95085906982422
99.94168853759766
99.94159698486328
99.93101501464844
99.9279556274414
99.94303131103516
99.93254852294922
99.94149780273438
99.92811584472656
99.92069244384766
99.90970611572266
99.92860412597656
99.93003845214844
99.92979431152344
99.9196548461914
99.91886901855469
99.92194366455078
99.92469024658203
99.91861724853516
99.92225646972656
99.9117202758789
99.90469360351562
99.89996337890625
99.91143035888672
99.92095947265625
99.92998504638672
99.92511749267578
99.91368865966797
99.9155502319336
99.91581726074219
99.91532897949219
99.92210388183594
99.91984558105469
99.92694091796875
99.9237289428711
99.9280014038086
99.92701721191406
99.91030883789062
99.92559814453125
99.9192123413086
99.92245483398438
99.92556762695312
99.93037414550781
99.9225845336914
99.92750549316406
99.9289779663086
99.93582153320312
99.923828125
99.92374420166016
99.92985534667969
99.93449401855469
99.93427276611328
99.9352798461914
99.93630981445312
99.937744140625
99.93671417236328
99.93340301513672
99.93122863769531
99.93605041503906
99.9369888305664
99.93901824951172
99.9378662109375
99.95050048828125
99.94002532958984
99.94429016113281
99.94164276123047
99.93746185302734
99.943359375
99.94886779785156
99.94722747802734
99.94584655761719
99.94213104248047
99.95245361328125
99.95158386230469
99.94405364990234
99.94984436035156
99.95137023925781
99.95037078857422
99.95264434814453
99.95523071289062
99.9520263671875
99.9530258178711
99.9532470703125
99.952880859375
99.95292663574219
99.95367431640625
99.94688415527344
99.9432601928711
99.9501953125
99.95340728759766
99.9560546875
99.95700073242188
99.9564208984375
99.9598617553711
