99.99292755126953
99.99104309082031
99.98609161376953
99.98538970947266
99.97228240966797
99.95780944824219
99.95193481445312
99.95208740234375
99.96273803710938
99.92861938476562
99.95158386230469
99.92311096191406
99.94096374511719
99.93720245361328
99.93077850341797
99.92249298095703
99.90584564208984
99.91470336914062
99.9294662475586
99.9009017944336
99.93315124511719
99.9172592163086
99.92112731933594
99.89764404296875
99.91031646728516
99.92578125
99.93812561035156
99.91134643554688
99.92086029052734
99.93000030517578
99.92601013183594
99.9405517578125
99.92900848388672
99.9292984008789
99.9186019897461
99.92633056640625
99.93487548828125
99.93360137939453
99.94065856933594
99.93616485595703
99.93560028076172
99.9365234375
99.92938232421875
99.93617248535156
99.94412231445312
99.946044921875
99.91155242919922
99.92943572998047
99.93963623046875
99.9470443725586
99.9549331665039
99.95559692382812
99.95864868164062
99.95811462402344
99.95020294189453
99.94279479980469
99.9451675415039
99.95832824707031
99.95442962646484
99.9600830078125
99.95243835449219
99.9557876586914
99.96170806884766
99.95714569091797
99.94254302978516
99.95189666748047
99.96219635009766
99.95947265625
99.95933532714844
99.96803283691406
99.96688079833984
99.96665954589844
99.95146942138672
99.9483413696289
99.96028900146484
99.96217346191406
99.9643325805664
99.96956634521484
99.96963500976562
99.97166442871094
99.9613265991211
99.9577407836914
99.96072387695312
99.96263122558594
99.97126770019531
99.96662139892578
99.95738983154297
99.97003936767578
99.96929168701172
99.96788024902344
99.95387268066406
99.96305084228516
99.9682388305664
99.9732894897461
99.9738540649414
99.97732543945312
99.97735595703125
99.97553253173828
99.96209716796875
99.96424102783203
