99.98819732666016
99.99661254882812
99.96540069580078
99.95663452148438
99.973876953125
99.96259307861328
99.950927734375
99.96765899658203
99.95535278320312
99.95214080810547
99.9315414428711
99.94811248779297
99.92333221435547
99.94168090820312
99.95136260986328
99.93630981445312
99.93404388427734
99.92483520507812
99.92259216308594
99.93238830566406
99.91790771484375
99.92469787597656
99.91902160644531
99.9045639038086
99.926513671875
99.91913604736328
99.92003631591797
99.93551635742188
99.93659210205078
99.9311294555664
99.92509460449219
99.925537109375
99.92115783691406
99.92318725585938
99.93565368652344
99.92947387695312
99.93597412109375
99.93883514404297
99.92523956298828
99.93400573730469
99.9314193725586
99.937744140625
99.95079803466797
99.92949676513672
99.93402099609375
99.92855834960938
99.94328308105469
99.93634796142578
99.9476318359375
99.9486083984375
99.92573547363281
99.94183349609375
99.9410400390625
99.94081115722656
99.94866943359375
99.9533920288086
99.95413208007812
99.95306396484375
99.9541015625
99.94021606445312
99.93632507324219
99.94851684570312
99.95445251464844
99.95915985107422
99.95963287353516
99.96038055419922
99.9610824584961
99.9563980102539
99.94467163085938
99.94584655761719
99.95861053466797
99.96173095703125
99.96292877197266
99.96385192871094
99.96820068359375
99.95941162109375
99.96456909179688
99.96314239501953
99.94676971435547
99.93832397460938
