99.99735260009766
99.96329498291016
99.96211242675781
99.95915985107422
99.93683624267578
99.94515991210938
99.92947387695312
99.94084167480469
99.92530059814453
99.9376220703125
99.93243408203125
99.90701293945312
99.9334487915039
99.93348693847656
99.91145324707031
99.92303466796875
99.91889953613281
99.93144226074219
99.94538116455078
99.91824340820312
99.91973876953125
99.91230010986328
99.91536712646484
99.91878509521484
99.93111419677734
99.89535522460938
99.91858673095703
99.92118835449219
99.9172134399414
99.92009735107422
99.9215316772461
99.92216491699219
99.9124984741211
99.92916870117188
99.92247009277344
99.93463897705078
99.92837524414062
99.93218994140625
99.93360900878906
99.94808197021484
99.94650268554688
99.91719818115234
99.93456268310547
99.92960357666016
99.93437194824219
99.94690704345703
99.94696044921875
99.94613647460938
99.95219421386719
99.95092010498047
99.9261703491211
99.92398071289062
99.94628143310547
99.94624328613281
99.95392608642578
99.9531478881836
99.96269226074219
99.9591064453125
99.95769500732422
99.95500946044922
99.9285888671875
99.94938659667969
99.94976043701172
99.96317291259766
99.96410369873047
99.96759033203125
99.96772766113281
99.96841430664062
99.95046997070312
99.9400405883789
99.94947814941406
99.95497131347656
99.96509552001953
99.96654510498047
99.9713363647461
99.9684829711914
99.96940612792969
99.97176361083984
99.97161865234375
99.93494415283203
99.95783996582031
99.96349334716797
99.969482421875
99.97516632080078
99.97752380371094
99.97541046142578
99.97447967529297
99.9775161743164
99.97212982177734
99.9705581665039
99.97180938720703
99.95121765136719
99.96764373779297
99.96968841552734
99.97720336914062
99.98175811767578
99.98136138916016
99.97956085205078
99.97948455810547
99.97911071777344
