99.9822769165039
99.95716857910156
99.9655990600586
99.94934844970703
99.98649597167969
99.94606018066406
99.92074584960938
99.9515151977539
99.93902587890625
99.9505615234375
99.93245697021484
99.92452239990234
99.93070220947266
99.90174865722656
99.93537902832031
99.9068603515625
99.91197204589844
99.90665435791016
99.91645050048828
99.90071868896484
99.90290069580078
99.90882110595703
99.91215515136719
99.91677856445312
99.92041015625
99.91737365722656
99.9121322631836
99.92091369628906
99.92960357666016
99.9053726196289
99.91311645507812
99.9313735961914
99.93133544921875
99.94190979003906
99.93866729736328
99.94464874267578
99.9258804321289
99.93568420410156
99.93651580810547
99.93571472167969
99.94185638427734
99.94914245605469
99.95242309570312
99.95389556884766
99.94330596923828
99.93551635742188
99.93882751464844
99.94895935058594
99.95126342773438
99.95317077636719
99.9498519897461
99.950439453125
99.94256591796875
99.94178771972656
99.9552001953125
99.95884704589844
99.960693359375
99.9623794555664
99.94036102294922
99.94756317138672
99.95774841308594
99.95777893066406
99.96519470214844
99.96685028076172
99.97000885009766
99.96674346923828
99.96377563476562
99.96266174316406
99.914794921875
99.95552062988281
99.95863342285156
99.97046661376953
99.96925354003906
99.9723129272461
99.97026824951172
99.97132873535156
99.97428894042969
99.95354461669922
99.96638488769531
99.9720458984375
99.9745101928711
99.97923278808594
99.97846221923828
99.96849822998047
99.9139633178711
99.96216583251953
99.97284698486328
99.9769058227539
99.97509765625
99.97737121582031
99.97862243652344
99.98094177246094
99.97872924804688
99.9498519897461
99.96221160888672
99.9736099243164
99.97815704345703
99.98107147216797
99.9808120727539
99.9797134399414
