99.99668884277344
99.98719024658203
99.9726791381836
99.94891357421875
99.94812774658203
99.96897888183594
99.95692443847656
99.93339538574219
99.93215942382812
99.94134521484375
99.93234252929688
99.91878509521484
99.93659973144531
99.9298324584961
99.93659210205078
99.92072296142578
99.91409301757812
99.9256591796875
99.9170150756836
99.92186737060547
99.91095733642578
99.93336486816406
99.94206237792969
99.92652893066406
99.91864013671875
99.93069458007812
99.92372131347656
99.93238830566406
99.92333984375
99.93836975097656
99.92593383789062
99.92987823486328
99.93109130859375
99.9280014038086
99.93223571777344
99.93563842773438
99.94197082519531
99.90850830078125
99.94258117675781
99.95047760009766
99.93937683105469
99.93743896484375
99.94562530517578
99.9493637084961
99.95020294189453
99.95433044433594
99.9534912109375
99.95137786865234
99.93001556396484
99.93574523925781
99.94857025146484
99.95609283447266
99.95780181884766
99.95664978027344
99.9618911743164
99.95696258544922
99.9384536743164
99.94694519042969
99.95235443115234
99.95660400390625
99.96232604980469
99.965576171875
99.96888732910156
99.96721649169922
99.96932983398438
99.96831512451172
99.96478271484375
99.94770812988281
99.95807647705078
99.96385192871094
99.96998596191406
99.97132110595703
99.97335052490234
99.9694595336914
99.97532653808594
99.94527435302734
99.95323944091797
99.968017578125
99.97142028808594
99.9752426147461
99.97872924804688
99.97840881347656
99.9759292602539
99.95367431640625
99.97506713867188
99.94674682617188
99.9594955444336
99.96658325195312
99.97655487060547
99.97562408447266
99.97966003417969
99.98262786865234
99.98164367675781
99.94789123535156
99.9605712890625
99.97085571289062
99.97416687011719
99.98080444335938
99.98371887207031
99.98416137695312
99.98196411132812
99.97840881347656
99.96833801269531
99.95487976074219
99.97129821777344
99.9747085571289
99.97919464111328
99.98358917236328
99.986083984375
99.98175811767578
99.98545837402344
99.9802474975586
99.98310852050781
99.97197723388672
99.98148345947266
99.98344421386719
99.96588897705078
99.96249389648438
99.98138427734375
99.98258209228516
99.98513793945312
99.98722076416016
99.9869155883789
99.9869613647461
99.98282623291016
99.98544311523438
99.9828109741211
99.98483276367188
99.9864273071289
99.98617553710938
99.98200225830078
99.98493957519531
99.98453521728516
99.98433685302734
99.95494842529297
99.97262573242188
99.98371124267578
99.97886657714844
99.98711395263672
99.98990631103516
99.98918151855469
99.98875427246094
99.98783111572266
99.98944091796875
99.95069885253906
99.97543334960938
99.98387908935547
99.9863510131836
99.9906234741211
99.99039459228516
99.98978424072266
99.99139404296875
99.99188232421875
99.99079132080078
99.96366882324219
99.96721649169922
99.97543334960938
99.98548126220703
99.98802947998047
99.99126434326172
99.9924087524414
99.99151611328125
99.98937225341797
99.98210906982422
99.99028015136719
99.9880599975586
99.9903793334961
99.98973846435547
99.98531341552734
99.98577880859375
99.97297668457031
99.98123168945312
99.98641204833984
99.9900894165039
99.99165344238281
99.99137878417969
99.99238586425781
99.98987579345703
99.98845672607422
99.99052429199219
99.99173736572266
99.98576354980469
99.98541259765625
99.98628997802734
99.9886703491211
99.98934936523438
99.99031066894531
99.98570251464844
99.98497009277344
99.98979187011719
99.98944091796875
99.993408203125
99.98485565185547
99.9700698852539
99.98075103759766
99.98973083496094
99.99201965332031
99.9917984008789
99.99320983886719
99.99407196044922
99.99396514892578
99.98609161376953
99.99163055419922
99.99274444580078
99.99158477783203
99.98487854003906
99.9886245727539
99.94544982910156
99.97901916503906
99.98486328125
99.9910888671875
99.99287414550781
99.99321746826172
99.99456787109375
99.99410247802734
99.99211120605469
99.99410247802734
99.9936752319336
99.9939956665039
99.98995208740234
99.99221801757812
99.94893646240234
99.98303985595703
99.98971557617188
99.99150848388672
99.99385070800781
99.99440002441406
99.99407196044922
99.99199676513672
99.99434661865234
99.99413299560547
99.98978424072266
99.95140075683594
99.97813415527344
99.98079681396484
99.99056243896484
99.99276733398438
99.99352264404297
99.9942626953125
99.9953384399414
99.9942398071289
99.9940414428711
99.98895263671875
99.99411010742188
99.99012756347656
99.99195098876953
99.99176025390625
99.9937973022461
99.96702575683594
99.98284912109375
99.99176788330078
99.99317169189453
99.99284362792969
99.99470520019531
99.99434661865234
99.99571228027344
99.99414825439453
99.98955535888672
99.994384765625
99.9780044555664
99.97279357910156
99.9870834350586
99.98836517333984
99.99032592773438
99.99400329589844
99.99537658691406
99.99342346191406
99.9898910522461
99.994384765625
99.99501037597656
99.99418640136719
99.99382019042969
99.98837280273438
99.99246978759766
99.9758529663086
99.9774398803711
99.99004364013672
99.99335479736328
99.99403381347656
99.99373626708984
99.99542999267578
99.99486541748047
99.99623107910156
99.99394989013672
99.99229431152344
99.99295043945312
99.9728012084961
99.98453521728516
99.98983764648438
99.991943359375
99.99222564697266
99.99495697021484
99.99596405029297
99.99458312988281
99.99405670166016
99.99352264404297
99.99551391601562
99.99517822265625
99.99555206298828
99.99494171142578
