99.98873138427734
99.99357604980469
99.96734619140625
99.95264434814453
99.91140747070312
99.93870544433594
99.95561981201172
99.94253540039062
99.93533325195312
99.93426513671875
99.94210815429688
99.8987045288086
99.9080810546875
99.90357971191406
99.93197631835938
99.92464447021484
99.92247009277344
99.89873504638672
99.91191101074219
99.90445709228516
99.89287567138672
99.90576171875
99.94100952148438
99.90141296386719
99.91729736328125
99.91163635253906
99.91249084472656
99.92566680908203
99.9371566772461
99.91529846191406
99.93170166015625
99.92243194580078
99.92655181884766
99.92778015136719
99.93225860595703
99.9144287109375
99.92738342285156
99.9326171875
99.93325805664062
99.92050170898438
99.93885803222656
99.9454116821289
99.90471649169922
99.93910217285156
99.94241333007812
99.94810485839844
99.95311737060547
99.95134735107422
99.95030975341797
99.9509506225586
99.94984436035156
99.93199920654297
99.9393081665039
99.9437484741211
99.94432067871094
99.95677185058594
99.95512390136719
99.96124267578125
99.96355438232422
99.93663024902344
99.94731903076172
99.95597839355469
99.96072387695312
99.96527862548828
99.96720886230469
99.96456909179688
99.96929931640625
99.9614028930664
99.96443176269531
99.92353057861328
99.9579086303711
99.96061706542969
99.96067810058594
99.97083282470703
99.9721450805664
99.97441864013672
99.96272277832031
99.95491790771484
99.95796203613281
99.96549224853516
99.96978759765625
99.96832275390625
99.97483825683594
99.97374725341797
99.97581481933594
99.97615051269531
99.94393920898438
99.9647445678711
99.97142791748047
99.97451782226562
99.97830963134766
99.97848510742188
99.97599792480469
99.97911071777344
99.9675064086914
99.95667266845703
99.96941375732422
99.97813415527344
99.97947692871094
99.98222351074219
99.98483276367188
99.95288848876953
99.95328521728516
99.99040222167969
99.94652557373047
99.95504760742188
99.91008758544922
99.95435333251953
99.94159698486328
99.93439483642578
99.90612030029297
99.93325805664062
99.8855209350586
99.94334411621094
99.92021179199219
99.89693450927734
99.93914031982422
99.91229248046875
99.92218017578125
99.90033721923828
99.9150390625
99.91494750976562
99.90518951416016
99.9150619506836
99.9240951538086
99.9175796508789
99.9193115234375
99.92931365966797
99.91480255126953
99.92549133300781
99.91938781738281
99.9242935180664
99.91670989990234
99.9332275390625
99.92727661132812
99.92713165283203
99.92683410644531
99.92987823486328
99.91719818115234
99.92195892333984
99.93231201171875
99.9422607421875
99.93871307373047
99.94894409179688
99.95028686523438
99.93191528320312
99.92828369140625
99.94274139404297
99.95367431640625
99.95150756835938
99.9455795288086
99.95872497558594
99.91858673095703
99.93792724609375
99.9494400024414
99.95784759521484
99.9554214477539
99.95917510986328
99.96088409423828
99.9638442993164
99.94317626953125
99.94758605957031
99.95581817626953
99.96046447753906
99.96339416503906
99.9619140625
99.9677963256836
99.968994140625
99.95989227294922
99.9651107788086
99.97166442871094
99.91996002197266
99.95526885986328
99.94769287109375
99.96455383300781
99.9637451171875
99.97015380859375
99.972900390625
99.97067260742188
99.94359588623047
99.9546127319336
99.9649658203125
99.97187042236328
99.97520446777344
99.9788589477539
99.97515106201172
99.97614288330078
99.97465515136719
99.96730041503906
99.975830078125
99.9515380859375
99.96461486816406
99.97213745117188
99.97467803955078
99.97885131835938
99.98126983642578
99.9626693725586
99.9795913696289
99.97442626953125
99.97774505615234
