99.99748229980469
99.98959350585938
99.95124053955078
99.9540786743164
99.8989486694336
99.9170913696289
99.94170379638672
99.93799591064453
99.93722534179688
99.9297103881836
99.91792297363281
99.92467498779297
99.9207992553711
99.90518951416016
99.92247009277344
99.91195678710938
99.92916870117188
99.90345001220703
99.90938568115234
99.89720153808594
99.91099548339844
99.91860961914062
99.89412689208984
99.93347930908203
99.91671752929688
99.89967346191406
99.93013763427734
99.92767333984375
99.92481231689453
99.92619323730469
99.91870880126953
99.93680572509766
99.91767120361328
99.93033599853516
99.91665649414062
99.92810821533203
99.93846130371094
99.94490051269531
99.94124603271484
99.94627380371094
99.90884399414062
99.94364929199219
99.94246673583984
99.94011688232422
99.91841125488281
99.94801330566406
99.95178985595703
99.92566680908203
99.94580078125
99.95260620117188
99.95156860351562
99.95475769042969
99.95658874511719
99.96009063720703
99.94352722167969
99.94707489013672
99.94970703125
99.9600830078125
99.96357727050781
99.96405029296875
99.96730041503906
99.9635009765625
99.95420837402344
99.94847869873047
99.95697021484375
99.96497344970703
99.96358489990234
99.96693420410156
99.950439453125
99.95475769042969
99.95979309082031
99.96687316894531
99.97161102294922
99.9719009399414
99.97000885009766
99.96978759765625
99.95112609863281
99.95269012451172
99.966064453125
99.96778106689453
99.9775161743164
99.97313690185547
99.97408294677734
99.97516632080078
99.96512603759766
99.96783447265625
99.97640228271484
99.94720458984375
99.95442962646484
99.97098541259766
99.97254943847656
99.9785385131836
99.97920227050781
99.98136901855469
99.98030853271484
99.97669982910156
99.97126770019531
99.9619369506836
99.96663665771484
99.97578430175781
