99.99044799804688
99.9869384765625
99.97740173339844
99.96244049072266
99.95858001708984
99.95368957519531
99.97421264648438
99.94257354736328
99.96015167236328
99.8883285522461
99.9630355834961
99.90910339355469
99.92742919921875
99.90638732910156
99.9278564453125
99.93692016601562
99.90471649169922
99.93270874023438
99.92855072021484
99.9153060913086
99.9165267944336
99.92589569091797
99.90887451171875
99.92417907714844
99.9283218383789
99.93031311035156
99.92904663085938
99.93104553222656
99.92941284179688
99.92443084716797
99.93128967285156
99.91663360595703
99.918212890625
99.9322509765625
99.93299102783203
99.93164825439453
99.9339370727539
99.92744445800781
99.94156646728516
99.92472839355469
99.94125366210938
99.93824768066406
99.93846893310547
99.94251251220703
99.94429016113281
99.93997192382812
99.9424057006836
99.93777465820312
99.94499969482422
99.94044494628906
99.94032287597656
99.9468765258789
99.94712829589844
99.95001983642578
99.95611572265625
99.94876098632812
99.92516326904297
99.94039154052734
99.94512939453125
99.94061279296875
99.95006561279297
99.9489517211914
99.95472717285156
99.95436096191406
99.95352172851562
99.92595672607422
99.94694519042969
99.9461441040039
99.95909118652344
99.95985412597656
99.9638900756836
99.96412658691406
99.96450805664062
99.96466064453125
99.96154022216797
99.96172332763672
99.96372985839844
99.96721649169922
99.96501922607422
99.9625473022461
99.96527862548828
99.96891784667969
99.96913146972656
99.96959686279297
99.96834564208984
99.95235443115234
99.95677947998047
99.9609603881836
99.9664535522461
99.9697036743164
99.9704818725586
99.97498321533203
99.97488403320312
99.97452545166016
99.97325897216797
99.97352600097656
99.97478485107422
99.97235870361328
99.97252655029297
99.97508239746094
