99.97057342529297
99.99224853515625
99.97020721435547
99.96258544921875
99.92965698242188
99.94361114501953
99.93988800048828
99.95545959472656
99.94371032714844
99.94297790527344
99.9365234375
99.9485855102539
99.92040252685547
99.91941833496094
99.92327117919922
99.93054962158203
99.93292236328125
99.91252899169922
99.92753601074219
99.91355895996094
99.91252136230469
99.9137191772461
99.9382095336914
99.9054183959961
99.9242935180664
99.91566467285156
99.91416931152344
99.92386627197266
99.93310546875
99.93707275390625
99.9190673828125
99.92725372314453
99.92892456054688
99.93440246582031
99.91824340820312
99.91990661621094
99.92530822753906
99.91748046875
99.93224334716797
99.93751525878906
99.93436431884766
99.94151306152344
99.92861938476562
99.93109893798828
99.9317855834961
99.94439697265625
99.9395980834961
99.93791961669922
99.94603729248047
99.93447875976562
99.93887329101562
99.94011688232422
99.9503402709961
99.95219421386719
99.94803619384766
99.96183776855469
99.9501724243164
99.927978515625
99.94541931152344
99.95477294921875
99.95753479003906
99.95930480957031
99.95928955078125
99.9571533203125
99.94216918945312
99.93844604492188
99.9510498046875
99.94851684570312
99.95006561279297
99.96184539794922
99.92839050292969
99.94094848632812
99.95594787597656
99.95977783203125
99.96147155761719
99.96353912353516
99.96903991699219
99.96793365478516
99.96324920654297
99.95519256591797
