99.98469543457031
99.9626235961914
99.95561218261719
99.96281433105469
99.96034240722656
99.94585418701172
99.96426391601562
99.95368194580078
99.93903350830078
99.91098022460938
99.93025970458984
99.92639923095703
99.92591094970703
99.92488098144531
99.91041564941406
99.91645812988281
99.90904235839844
99.92073822021484
99.91786193847656
99.94473266601562
99.93402862548828
99.93630981445312
99.91706085205078
99.92382049560547
99.92555236816406
99.90756225585938
99.92759704589844
99.92530059814453
99.9215087890625
99.93354034423828
99.93445587158203
99.92285919189453
99.92608642578125
99.94894409179688
99.9271011352539
99.94023132324219
99.93511962890625
99.93101501464844
99.94093322753906
99.9252700805664
99.936767578125
99.92769622802734
99.93900299072266
99.9463882446289
99.94873809814453
99.94099426269531
99.95099639892578
99.9567642211914
99.93612670898438
99.94435119628906
99.95101165771484
99.95088195800781
99.95059967041016
99.95652770996094
99.9591064453125
99.95980072021484
99.95075988769531
99.94843292236328
99.9388198852539
99.95632934570312
99.95453643798828
99.95850372314453
99.9665756225586
99.96662902832031
99.9655990600586
99.96086120605469
99.94488525390625
99.95341491699219
99.96440124511719
99.96661376953125
99.96537017822266
99.97113800048828
99.97268676757812
99.94955444335938
99.95130920410156
99.96369934082031
99.96806335449219
99.96440124511719
99.97161865234375
99.96721649169922
99.96826171875
99.96916961669922
99.97447967529297
99.974853515625
99.94790649414062
99.96256256103516
99.970703125
99.97357177734375
99.97651672363281
99.9783935546875
99.97955322265625
99.97921752929688
99.97332763671875
99.97303771972656
99.94841766357422
99.96949768066406
99.96984100341797
99.97450256347656
99.98004150390625
99.97930145263672
