99.99732971191406
99.98941040039062
99.97371673583984
99.97689056396484
99.96038055419922
99.93668365478516
99.95616149902344
99.95204162597656
99.93869018554688
99.946044921875
99.94453430175781
99.92243194580078
99.9381103515625
99.92491149902344
99.93595886230469
99.91499328613281
99.92107391357422
99.9427490234375
99.93162536621094
99.93109893798828
99.91492462158203
99.92243957519531
99.92386627197266
99.91838073730469
99.92070007324219
99.95128631591797
99.92887878417969
99.9222412109375
99.92867279052734
99.92145538330078
99.92396545410156
99.94519805908203
99.93990325927734
99.93814086914062
99.94152069091797
99.94198608398438
99.9378890991211
99.94432067871094
99.94033813476562
99.93778991699219
99.9389419555664
99.94569396972656
99.94963073730469
99.94606018066406
99.9607925415039
99.9369888305664
99.94470977783203
99.94548797607422
99.95345306396484
99.95376586914062
99.95774841308594
99.9625015258789
99.9587631225586
99.9590072631836
99.95800018310547
99.95317840576172
99.95873260498047
99.96180725097656
99.95999145507812
99.964599609375
99.95344543457031
99.94989013671875
99.95783233642578
99.96113586425781
99.9652328491211
99.96965026855469
99.96508026123047
99.96752166748047
99.96794128417969
99.97228240966797
99.97116088867188
99.97061157226562
99.97075653076172
99.95549011230469
99.966064453125
99.96248626708984
99.97005462646484
99.97222137451172
99.97327423095703
99.97783660888672
99.97823333740234
99.96976470947266
99.97510528564453
99.97530364990234
99.97847747802734
99.97611999511719
99.97901153564453
99.9758071899414
99.97309875488281
99.97837829589844
99.9807357788086
99.98060607910156
99.97821807861328
99.97708129882812
99.9637222290039
99.97418975830078
99.97766876220703
99.98066711425781
99.97965240478516
99.98404693603516
