99.99803161621094
99.98725891113281
99.98161315917969
99.97996520996094
99.98388671875
99.97444152832031
99.9660873413086
99.97002410888672
99.9571304321289
99.96312713623047
99.96395874023438
99.95242309570312
99.97337341308594
99.96955108642578
99.96952819824219
99.95885467529297
99.96771240234375
99.95826721191406
99.95658111572266
99.95431518554688
99.96247863769531
99.95914459228516
99.95187377929688
99.93836212158203
99.95487213134766
99.9503173828125
99.9583511352539
99.9590835571289
99.965087890625
99.9603042602539
99.95427703857422
99.9631576538086
99.95657348632812
99.9594955444336
99.96102142333984
99.96295928955078
99.95799255371094
99.96892547607422
99.95675659179688
99.96217346191406
99.95805358886719
99.96495056152344
99.96082305908203
99.96156311035156
99.96598052978516
99.96224975585938
99.97140502929688
99.96918487548828
99.96707153320312
99.96417999267578
99.96958923339844
99.9721450805664
99.97118377685547
99.96967315673828
99.97241973876953
99.96944427490234
99.97496795654297
99.97186279296875
99.97129821777344
99.96690368652344
99.97443389892578
99.97286224365234
99.97740936279297
99.97909545898438
99.97752380371094
99.97731018066406
99.97003173828125
99.97723388671875
99.97543334960938
99.96910095214844
99.97545623779297
99.97408294677734
99.97425842285156
99.9780044555664
99.98080444335938
99.98107147216797
99.98086547851562
99.98047637939453
99.98208618164062
99.9771728515625
99.97879028320312
99.97649383544922
99.97599792480469
99.97706604003906
99.9816665649414
99.97889709472656
99.97976684570312
99.98396301269531
99.98397827148438
99.98450469970703
99.98259735107422
99.98265838623047
99.98326110839844
99.97856140136719
99.981201171875
99.98262786865234
99.9790267944336
99.98055267333984
99.98095703125
99.984130859375
99.98338317871094
99.986083984375
99.98731994628906
99.9857406616211
99.98628997802734
99.98452758789062
99.98307800292969
99.98422241210938
99.98665618896484
99.98596954345703
99.98759460449219
99.9881362915039
99.9873275756836
99.9801254272461
99.98027801513672
99.98584747314453
99.98715209960938
99.9878158569336
99.9879379272461
99.98715209960938
99.98861694335938
99.99087524414062
99.990234375
99.98538208007812
99.98725128173828
99.98843383789062
99.98817443847656
99.98796081542969
99.98893737792969
99.98770141601562
99.9898910522461
99.98690795898438
99.97489166259766
99.98441314697266
99.98707580566406
99.98799896240234
99.98932647705078
99.99028015136719
99.99058532714844
99.98992919921875
99.98979187011719
99.99215698242188
99.99168395996094
99.98397827148438
99.99083709716797
99.99050903320312
99.99052429199219
99.98350524902344
99.98744201660156
99.9897689819336
99.97941589355469
99.98700714111328
99.98942565917969
99.98944091796875
99.99058532714844
99.99034118652344
99.99124908447266
99.99148559570312
99.99285888671875
99.99303436279297
99.9912109375
99.99154663085938
99.9908676147461
99.9898681640625
99.98390197753906
99.97988891601562
99.98595428466797
99.98829650878906
99.99131774902344
99.99150848388672
99.99239349365234
99.99190521240234
99.99152374267578
99.99227142333984
99.99092864990234
99.99193572998047
99.9916763305664
99.99191284179688
99.99237060546875
99.98571014404297
99.986572265625
99.98367309570312
99.99010467529297
99.99082946777344
99.98932647705078
99.99239349365234
99.99339294433594
99.9866943359375
99.9900131225586
99.99284362792969
99.99341583251953
99.99036407470703
99.98493957519531
99.9851303100586
99.98566436767578
99.9886474609375
99.99246215820312
99.99217224121094
99.99372100830078
99.99404907226562
99.99324798583984
99.99014282226562
99.99268341064453
99.99235534667969
99.99420928955078
99.99275207519531
99.99134826660156
99.99197387695312
99.98833465576172
99.9877700805664
99.99082946777344
99.9937515258789
99.9940414428711
99.99468994140625
99.99284362792969
99.99459838867188
99.98925018310547
99.99319458007812
99.9940185546875
99.98846435546875
99.98162078857422
99.9829330444336
99.98945617675781
99.99102020263672
99.99345397949219
99.99351501464844
99.99385070800781
99.9944839477539
99.99390411376953
99.99320220947266
99.99300384521484
99.99512481689453
99.99410247802734
99.99372100830078
99.99137878417969
99.99141693115234
99.99205017089844
99.99412536621094
99.99524688720703
99.9923324584961
99.9875717163086
99.99105072021484
99.99349212646484
99.9931640625
99.99474334716797
99.99545288085938
99.99461364746094
99.99552917480469
99.99466705322266
99.99430084228516
99.9920425415039
99.9943618774414
99.99493408203125
99.99516296386719
99.9941635131836
99.9930419921875
99.99120330810547
99.99559783935547
99.99054718017578
99.98477935791016
99.9928207397461
99.99347686767578
99.99481201171875
99.99531555175781
99.99507904052734
99.9956283569336
99.99608612060547
99.99594116210938
99.99464416503906
99.99310302734375
99.9948959350586
99.9941635131836
99.99440002441406
99.99595642089844
99.9871826171875
99.98922729492188
99.99409484863281
99.99501037597656
99.9954833984375
99.99592590332031
99.9961166381836
99.99592590332031
99.99617004394531
99.99422454833984
99.99440002441406
99.99567413330078
99.99580383300781
99.99459075927734
99.9884262084961
99.9915542602539
99.99535369873047
99.9947509765625
99.9886245727539
99.99457550048828
99.98307037353516
99.98905944824219
99.99215698242188
99.99393463134766
99.99412536621094
99.99586486816406
