99.99225616455078
99.97892761230469
99.98603057861328
99.98731994628906
99.96455383300781
99.9699935913086
99.96049499511719
99.9407730102539
99.93106842041016
99.9400405883789
99.94146728515625
99.93473815917969
99.94599914550781
99.93379974365234
99.91584777832031
99.93357849121094
99.91114044189453
99.92774963378906
99.92990112304688
99.94078063964844
99.92105102539062
99.9260482788086
99.91802215576172
99.93318939208984
99.93864440917969
99.91972351074219
99.92578125
99.93405151367188
99.93501281738281
99.93170928955078
99.93131256103516
99.94001007080078
99.93916320800781
99.94366455078125
99.95137786865234
99.93404388427734
99.9242172241211
99.93956756591797
99.9413070678711
99.9361801147461
99.93881225585938
99.9475326538086
99.95182800292969
99.95313262939453
99.95181274414062
99.95437622070312
99.95392608642578
99.95516204833984
99.93395233154297
99.94263458251953
99.94551086425781
99.95262908935547
99.95819091796875
99.96505737304688
99.96479034423828
99.96858215332031
99.96669006347656
99.96072387695312
99.94648742675781
99.95796966552734
99.95560455322266
99.96478271484375
99.96979522705078
99.97274017333984
99.97284698486328
99.96904754638672
99.96977996826172
99.97428894042969
99.95161437988281
99.96034240722656
99.9670181274414
99.96956634521484
99.97526550292969
99.97889709472656
99.97764587402344
99.97671508789062
99.97396850585938
99.97438049316406
99.93413543701172
99.94984436035156
99.96419525146484
99.97566986083984
99.97545623779297
99.9795150756836
99.9813461303711
99.9845962524414
99.98194885253906
99.98249053955078
99.98372650146484
99.98011016845703
99.97728729248047
99.98113250732422
99.98118591308594
99.98019409179688
99.9789810180664
99.98162841796875
99.98394775390625
99.98614501953125
99.93779754638672
99.97058868408203
