80.65066528320312
84.1371841430664
85.73541259765625
85.89466094970703
91.86099243164062
93.06108093261719
94.33511352539062
97.4974365234375
96.09259033203125
97.91263580322266
98.43590545654297
99.01603698730469
97.50881958007812
98.88522338867188
99.53361511230469
99.59617614746094
99.84075164794922
99.64736938476562
99.69855499267578
97.75907135009766
99.73268127441406
99.49380493164062
99.40848541259766
99.12979125976562
99.6644287109375
99.72698974609375
97.13912200927734
99.43123626708984
99.99431610107422
99.9886245727539
99.94881439208984
99.79524230957031
97.46331787109375
99.72698974609375
100.0
99.99431610107422
99.97156524658203
100.0
99.99431610107422
99.99431610107422
100.0
95.4043960571289
99.36298370361328
99.90331268310547
99.94881439208984
100.0
100.0
100.0
100.0
100.0
99.99431610107422
97.11067962646484
99.539306640625
99.61324310302734
100.0
100.0
100.0
100.0
99.99431610107422
99.9829330444336
99.97724914550781
97.8614501953125
99.67012023925781
98.47002410888672
100.0
100.0
100.0
100.0
100.0
100.0
100.0
99.93743896484375
98.56102752685547
99.99431610107422
100.0
100.0
100.0
100.0
100.0
100.0
100.0
99.9886245727539
99.99431610107422
95.71720886230469
99.68717956542969
100.0
100.0
100.0
100.0
100.0
100.0
100.0
100.0
100.0
94.35786437988281
99.85780334472656
99.9829330444336
100.0
100.0
100.0
