78.8939208984375
81.60651397705078
83.65583038330078
83.747314453125
88.27592468261719
80.31654357910156
86.40043640136719
94.02589416503906
95.51712799072266
90.75980377197266
92.71762084960938
99.46479797363281
97.89579772949219
99.78042602539062
98.9478988647461
99.87191772460938
99.84904479980469
99.24523162841797
96.18498992919922
98.75577545166016
99.90851593017578
99.9496841430664
99.95426177978516
99.80330657958984
99.83989715576172
97.37432098388672
99.74383544921875
99.83989715576172
99.98628234863281
99.98170471191406
99.93138122558594
99.98170471191406
99.99542999267578
99.98170471191406
99.96797943115234
98.56822204589844
97.2233657836914
99.90393829345703
100.0
100.0
99.99542999267578
100.0
99.98628234863281
99.99085235595703
99.99542999267578
99.98628234863281
100.0
99.99542999267578
99.99085235595703
99.97254943847656
96.80709838867188
99.32756805419922
99.99542999267578
100.0
100.0
100.0
100.0
100.0
99.99542999267578
99.99542999267578
99.99085235595703
100.0
99.99542999267578
100.0
99.98628234863281
99.98628234863281
99.99085235595703
99.99542999267578
100.0
100.0
100.0
100.0
100.0
99.99542999267578
100.0
100.0
98.98448944091797
99.88106536865234
100.0
100.0
100.0
100.0
100.0
100.0
99.99542999267578
99.98628234863281
100.0
100.0
100.0
100.0
100.0
100.0
100.0
100.0
100.0
98.93417358398438
99.9634017944336
100.0
100.0
100.0
