78.76126098632812
82.42532348632812
85.16993713378906
88.52751159667969
92.6444320678711
94.77608489990234
89.49728393554688
98.25259399414062
98.71002960205078
97.53899383544922
95.51712799072266
99.4602279663086
99.09884643554688
99.30470275878906
99.81702423095703
99.67521667480469
99.8627700805664
99.6249008178711
98.975341796875
98.7237548828125
99.9130859375
99.9496841430664
99.96797943115234
99.97712707519531
99.9496841430664
98.29833984375
99.44650268554688
99.98170471191406
99.99085235595703
100.0
100.0
99.97712707519531
100.0
100.0
96.26275634765625
99.37789154052734
99.98170471191406
100.0
100.0
100.0
99.99542999267578
99.99542999267578
99.99085235595703
97.18219757080078
99.24523162841797
100.0
100.0
100.0
99.99542999267578
100.0
100.0
100.0
100.0
100.0
99.99542999267578
100.0
100.0
99.99542999267578
99.99542999267578
99.98628234863281
98.4355697631836
99.8856430053711
100.0
100.0
100.0
100.0
100.0
99.99085235595703
99.97712707519531
99.99542999267578
100.0
100.0
99.99542999267578
99.65235137939453
99.89021301269531
100.0
100.0
100.0
100.0
100.0
100.0
100.0
100.0
100.0
100.0
100.0
100.0
100.0
100.0
99.99542999267578
100.0
100.0
100.0
99.99085235595703
99.34129333496094
100.0
100.0
100.0
100.0
100.0
