79.73102569580078
82.88275909423828
84.2870864868164
90.42587280273438
91.94913482666016
78.13915252685547
94.98193359375
97.10443115234375
96.92603302001953
98.15653228759766
99.20406341552734
99.149169921875
98.91587829589844
99.52884674072266
97.3331527709961
99.75756072998047
94.3460922241211
98.95704650878906
98.19313049316406
99.8627700805664
99.93595886230469
99.90393829345703
99.70266723632812
95.15575408935547
99.4876708984375
99.78958129882812
99.99085235595703
99.99542999267578
99.99085235595703
99.99085235595703
99.98170471191406
91.64722442626953
99.69808959960938
99.63862609863281
99.98628234863281
99.99542999267578
100.0
100.0
99.99542999267578
99.99085235595703
95.99286651611328
99.84904479980469
99.99085235595703
99.97712707519531
100.0
99.99085235595703
99.9405288696289
99.0714111328125
99.82159423828125
100.0
100.0
100.0
100.0
100.0
100.0
99.99542999267578
98.10163879394531
98.76492309570312
99.99085235595703
100.0
99.99542999267578
100.0
100.0
100.0
99.99542999267578
99.99542999267578
99.50139617919922
99.99085235595703
100.0
100.0
100.0
100.0
100.0
99.97254943847656
100.0
99.99542999267578
98.71002960205078
99.97712707519531
100.0
100.0
100.0
100.0
100.0
100.0
100.0
100.0
100.0
99.99542999267578
100.0
100.0
99.98628234863281
99.99085235595703
99.65692138671875
99.21321105957031
99.99085235595703
99.99542999267578
99.99542999267578
100.0
100.0
100.0
