80.15644836425781
82.79127502441406
85.43067932128906
86.90818786621094
89.52471923828125
93.957275390625
94.57481384277344
96.44572448730469
96.18498992919922
97.64420318603516
98.82438659667969
95.96541595458984
98.51790618896484
99.45565032958984
99.16289520263672
98.94332122802734
99.53799438476562
89.51557159423828
99.16746520996094
98.97077178955078
99.24065399169922
99.88106536865234
99.96797943115234
99.97712707519531
99.9634017944336
99.9634017944336
90.49449157714844
91.42308044433594
99.79415893554688
99.99542999267578
99.99085235595703
99.99542999267578
99.99542999267578
99.85819244384766
93.01038360595703
99.15374755859375
99.95426177978516
99.99542999267578
99.99085235595703
100.0
100.0
100.0
99.98170471191406
95.25639343261719
98.71002960205078
99.85362243652344
100.0
100.0
100.0
100.0
100.0
100.0
98.05132293701172
98.96619415283203
99.98628234863281
99.99542999267578
100.0
100.0
100.0
99.99085235595703
99.98170471191406
99.5151138305664
99.99085235595703
100.0
100.0
100.0
100.0
100.0
100.0
99.46937561035156
98.91130065917969
99.93595886230469
100.0
100.0
100.0
100.0
100.0
100.0
99.99542999267578
99.58373260498047
99.77128601074219
99.97712707519531
100.0
100.0
100.0
100.0
100.0
100.0
100.0
99.99542999267578
96.98550415039062
99.9496841430664
99.99542999267578
100.0
100.0
100.0
100.0
99.99542999267578
99.99542999267578
99.99085235595703
