79.25637817382812
84.3700180053711
87.65949249267578
88.04325866699219
82.89473724365234
95.02093505859375
96.15729522705078
95.15052032470703
96.73046112060547
99.58133697509766
96.99960327148438
98.67424011230469
97.6874008178711
98.92842864990234
99.42683410644531
99.91028594970703
99.54644775390625
98.68421173095703
99.92025756835938
99.70095825195312
99.94517517089844
99.9651107788086
99.96012878417969
99.94517517089844
99.44676971435547
97.96151733398438
99.13775634765625
99.92523956298828
99.41686248779297
99.98504638671875
99.9651107788086
99.97508239746094
99.98504638671875
100.0
99.98006439208984
99.97508239746094
99.98504638671875
98.68919372558594
99.96012878417969
99.99003601074219
99.9950180053711
100.0
100.0
100.0
99.98504638671875
99.9950180053711
99.98006439208984
99.5962905883789
99.81558990478516
99.9950180053711
100.0
100.0
100.0
99.9950180053711
99.98504638671875
99.98504638671875
99.9950180053711
99.60625457763672
99.9651107788086
99.9950180053711
99.9950180053711
100.0
100.0
100.0
100.0
100.0
100.0
99.99003601074219
100.0
98.92842864990234
98.96829986572266
99.99003601074219
100.0
99.06299591064453
100.0
100.0
100.0
100.0
100.0
100.0
100.0
100.0
100.0
100.0
100.0
100.0
100.0
100.0
97.82695007324219
99.9700927734375
99.99003601074219
99.98006439208984
100.0
100.0
100.0
100.0
100.0
99.9950180053711
100.0
100.0
