79.79049682617188
81.93128967285156
78.555419921875
89.03069305419922
86.31352996826172
83.74273681640625
93.95270538330078
91.81190490722656
86.60628509521484
96.33594512939453
98.0970687866211
98.94332122802734
94.91788482666016
94.51077270507812
97.5847396850586
92.35167694091797
98.41726684570312
98.60939025878906
99.69351959228516
98.79694366455078
99.52884674072266
98.81524658203125
99.11257934570312
99.826171875
99.08055877685547
99.7118148803711
99.09427642822266
99.89479064941406
99.88106536865234
97.30113220214844
99.38246154785156
98.95704650878906
99.9496841430664
99.99542999267578
100.0
99.98170471191406
95.23809814453125
99.56543731689453
99.95883178710938
99.98170471191406
99.99542999267578
100.0
99.99085235595703
94.99108123779297
99.49224853515625
99.13087463378906
99.98628234863281
99.98628234863281
98.60939025878906
99.19491577148438
99.9405288696289
99.83074951171875
100.0
100.0
100.0
100.0
99.97712707519531
98.7237548828125
99.85819244384766
99.98628234863281
99.91766357421875
100.0
100.0
100.0
100.0
99.99085235595703
99.99542999267578
97.447509765625
99.86734008789062
99.99542999267578
100.0
100.0
100.0
99.99542999267578
99.93595886230469
99.149169921875
99.98628234863281
100.0
100.0
100.0
100.0
100.0
99.98170471191406
98.06047058105469
99.33213806152344
100.0
100.0
100.0
99.99542999267578
100.0
99.99542999267578
99.61575317382812
99.73011016845703
99.99085235595703
99.99542999267578
100.0
100.0
100.0
100.0
100.0
