78.81615447998047
82.19203186035156
83.41338348388672
86.02991485595703
86.37299346923828
78.9442367553711
80.19761657714844
91.81190490722656
94.92704010009766
96.10722351074219
91.2904281616211
96.98550415039062
96.87571716308594
94.84012603759766
97.41548919677734
95.78244018554688
99.03023529052734
96.8848648071289
98.7237548828125
98.87013244628906
97.0586929321289
98.94332122802734
98.20227813720703
99.236083984375
97.16847229003906
99.7987289428711
99.70266723632812
99.73011016845703
97.81803131103516
99.9496841430664
99.24523162841797
99.42362976074219
97.3971939086914
99.08970642089844
99.9130859375
99.8627700805664
99.74840545654297
98.87470245361328
99.1857681274414
99.97254943847656
99.98628234863281
99.99085235595703
100.0
98.50418853759766
99.826171875
99.99085235595703
99.80330657958984
99.99085235595703
97.1090087890625
99.96797943115234
99.99542999267578
100.0
100.0
99.97254943847656
99.32299041748047
97.62590789794922
99.96797943115234
99.99085235595703
99.99542999267578
99.99542999267578
99.99085235595703
98.19770812988281
96.90316009521484
100.0
100.0
99.99085235595703
99.99542999267578
99.99542999267578
98.44014739990234
99.65235137939453
99.98628234863281
99.98170471191406
100.0
100.0
100.0
98.29376220703125
99.55628204345703
100.0
99.99542999267578
100.0
79.70816040039062
83.834228515625
77.53533935546875
87.41594696044922
90.09651947021484
87.61264038085938
95.86935424804688
94.02589416503906
94.131103515625
98.47216796875
96.67901611328125
98.77407836914062
96.18498992919922
97.57559204101562
99.05310821533203
97.89122009277344
98.84268951416016
99.76670837402344
99.57001495361328
99.26353454589844
98.4996109008789
99.60203552246094
99.9496841430664
99.96797943115234
98.33036041259766
99.92681121826172
99.6614990234375
99.73468780517578
99.96797943115234
99.99085235595703
99.98628234863281
96.7110366821289
99.39618682861328
99.36416625976562
98.78321838378906
99.99085235595703
99.98628234863281
100.0
100.0
99.96797943115234
99.9496841430664
98.84268951416016
99.97254943847656
99.99542999267578
100.0
100.0
100.0
100.0
99.99542999267578
99.99085235595703
89.89067077636719
99.58373260498047
100.0
100.0
100.0
100.0
100.0
99.99542999267578
99.99542999267578
99.0119400024414
99.57001495361328
99.89479064941406
100.0
100.0
100.0
100.0
100.0
100.0
99.73011016845703
99.09884643554688
99.78500366210938
100.0
100.0
100.0
100.0
100.0
100.0
100.0
99.99542999267578
100.0
