80.11528015136719
82.76840209960938
85.40780639648438
87.50743103027344
90.81011962890625
93.40835571289062
93.95270538330078
93.21165466308594
86.28607940673828
89.77174377441406
97.22794342041016
94.67545318603516
97.86377716064453
98.20227813720703
98.38067626953125
92.18699645996094
98.38983154296875
99.4373550415039
99.66606903076172
99.21778106689453
99.33213806152344
99.26810455322266
99.85819244384766
97.30113220214844
99.93138122558594
99.85819244384766
99.74840545654297
98.50875854492188
98.46759033203125
99.9405288696289
99.9634017944336
99.99085235595703
99.99085235595703
99.97254943847656
99.94510650634766
97.8226089477539
99.51969146728516
99.99085235595703
100.0
100.0
99.99542999267578
100.0
99.78958129882812
99.35501861572266
99.9496841430664
99.99542999267578
100.0
100.0
99.99542999267578
99.99542999267578
98.08792114257812
99.9405288696289
100.0
100.0
100.0
100.0
100.0
100.0
99.38246154785156
99.73468780517578
99.44192504882812
99.99542999267578
99.99542999267578
99.99542999267578
100.0
100.0
100.0
99.59288024902344
99.98170471191406
100.0
100.0
100.0
100.0
100.0
100.0
100.0
97.09528350830078
99.98170471191406
100.0
100.0
100.0
100.0
100.0
96.11637115478516
99.67521667480469
99.99542999267578
100.0
100.0
100.0
100.0
100.0
99.40990447998047
99.20406341552734
100.0
100.0
100.0
100.0
100.0
100.0
100.0
