80.17931365966797
82.79127502441406
86.71149444580078
89.14962768554688
91.57860565185547
90.06449890136719
96.03861236572266
97.47496032714844
95.28841400146484
97.8363265991211
98.22515106201172
99.27725219726562
98.39897918701172
99.26810455322266
99.11257934570312
97.68994903564453
99.1994857788086
99.42820739746094
99.32299041748047
99.87191772460938
97.1090087890625
98.77864837646484
97.95069122314453
99.9496841430664
99.97254943847656
99.89021301269531
96.53263854980469
97.8363265991211
99.56543731689453
99.93595886230469
99.9130859375
99.92223358154297
98.31664276123047
93.92982482910156
99.95426177978516
99.93138122558594
99.93138122558594
99.99085235595703
91.50999450683594
98.88385772705078
99.94510650634766
100.0
99.99085235595703
99.99542999267578
99.99085235595703
98.60482025146484
99.74383544921875
99.96797943115234
100.0
100.0
100.0
99.65235137939453
96.65614318847656
96.80709838867188
99.95883178710938
99.98170471191406
100.0
99.99542999267578
99.96797943115234
99.9496841430664
99.1217269897461
99.54713439941406
99.81245422363281
99.9405288696289
99.99085235595703
99.99542999267578
100.0
100.0
99.63404846191406
98.03302764892578
99.65235137939453
99.98628234863281
99.99542999267578
100.0
99.99542999267578
100.0
99.99085235595703
99.97712707519531
97.75399017333984
99.84447479248047
99.98628234863281
99.99085235595703
99.99542999267578
100.0
99.99542999267578
100.0
99.97712707519531
99.99085235595703
99.93138122558594
98.64598846435547
99.85362243652344
100.0
100.0
100.0
100.0
100.0
99.99542999267578
99.97712707519531
98.61396789550781
99.97712707519531
99.99085235595703
100.0
100.0
100.0
100.0
100.0
99.98628234863281
99.97712707519531
99.32299041748047
99.85362243652344
100.0
100.0
100.0
100.0
100.0
100.0
100.0
99.92681121826172
99.54256439208984
99.92223358154297
100.0
100.0
100.0
100.0
100.0
100.0
100.0
96.87571716308594
99.87649536132812
99.95426177978516
100.0
100.0
100.0
100.0
99.99542999267578
99.98628234863281
99.96797943115234
99.98628234863281
98.90673065185547
99.31842041015625
99.826171875
100.0
100.0
100.0
100.0
100.0
100.0
99.99542999267578
100.0
99.99085235595703
99.0348129272461
99.29096984863281
99.90393829345703
100.0
100.0
100.0
100.0
100.0
100.0
99.99542999267578
99.99085235595703
99.56543731689453
99.55628204345703
100.0
100.0
100.0
100.0
100.0
100.0
99.99542999267578
100.0
99.99085235595703
99.99542999267578
99.97712707519531
99.41905975341797
99.7758560180664
99.99085235595703
99.99542999267578
99.99542999267578
100.0
100.0
100.0
99.99542999267578
100.0
95.87393188476562
99.88106536865234
99.99542999267578
99.99542999267578
100.0
100.0
100.0
100.0
100.0
100.0
100.0
100.0
97.59846496582031
99.89936065673828
100.0
100.0
