79.25520324707031
82.91980743408203
85.94927978515625
86.92254638671875
79.09070587158203
94.84578704833984
94.6904296875
96.88370513916016
97.64678955078125
93.5252456665039
98.59264373779297
94.13753509521484
99.11811828613281
99.33287811279297
99.49737548828125
98.62462615966797
98.69773864746094
99.64816284179688
99.32373809814453
96.6141128540039
99.6207504272461
99.9451675415039
99.97257995605469
99.8857650756836
98.46926879882812
99.52478790283203
99.60247039794922
99.98628997802734
99.99085998535156
99.99085998535156
99.99085998535156
100.0
98.2042465209961
99.7989501953125
99.97257995605469
100.0
100.0
99.99542999267578
100.0
99.99542999267578
99.72584533691406
99.24606323242188
99.98172760009766
100.0
100.0
100.0
99.99542999267578
99.99085998535156
100.0
99.73954772949219
99.16838073730469
99.95887756347656
100.0
100.0
100.0
100.0
100.0
99.99542999267578
99.99542999267578
98.72972106933594
99.97257995605469
99.98172760009766
100.0
99.99542999267578
99.99542999267578
99.99542999267578
100.0
100.0
99.43797302246094
99.88119506835938
100.0
100.0
100.0
100.0
100.0
100.0
100.0
98.80740356445312
99.86292266845703
100.0
100.0
100.0
100.0
100.0
100.0
100.0
99.49280548095703
99.87663269042969
100.0
100.0
100.0
100.0
100.0
100.0
100.0
99.99085998535156
99.98172760009766
99.98172760009766
94.67671966552734
99.97257995605469
