81.6679458618164
84.13651275634766
86.19451141357422
88.40133666992188
87.2106704711914
93.6361312866211
93.65152740478516
95.94046783447266
90.71593475341797
97.7315902709961
97.9779281616211
98.6759033203125
99.24044036865234
98.92224884033203
97.82909393310547
96.13035583496094
98.70669555664062
99.5381088256836
99.56890106201172
98.61944580078125
99.71772766113281
99.82550811767578
99.86656188964844
98.85552978515625
99.14292907714844
99.8563003540039
99.9794692993164
99.9076156616211
99.98460388183594
87.45188903808594
98.40390014648438
99.95381164550781
99.98460388183594
99.99486541748047
100.0
99.99486541748047
99.99486541748047
98.85552978515625
99.93841552734375
99.98460388183594
99.99486541748047
100.0
99.99486541748047
99.98973846435547
99.89735412597656
99.03515625
99.32769012451172
99.99486541748047
100.0
100.0
100.0
100.0
100.0
95.0372085571289
99.98460388183594
100.0
100.0
99.98973846435547
99.98973846435547
99.99486541748047
100.0
100.0
100.0
100.0
99.99486541748047
99.98460388183594
97.30561828613281
99.62022399902344
100.0
100.0
100.0
100.0
100.0
100.0
99.94867706298828
99.79985046386719
98.36284637451172
99.99486541748047
100.0
100.0
100.0
100.0
100.0
100.0
99.98973846435547
99.65614318847656
100.0
100.0
100.0
100.0
100.0
100.0
99.83064270019531
96.58711242675781
99.68180847167969
100.0
100.0
100.0
100.0
100.0
