79.08130645751953
84.21894836425781
87.7560806274414
89.79940795898438
87.17990112304688
93.11246490478516
97.26312255859375
97.07106018066406
98.42082977294922
98.59154510498047
99.70657348632812
99.42914581298828
99.7865982055664
99.24775695800781
98.68224334716797
94.01408386230469
99.72791290283203
99.39714050292969
99.88796997070312
99.96265411376953
99.9679946899414
99.96265411376953
99.9679946899414
97.80196380615234
99.61587524414062
99.89863586425781
99.98933410644531
100.0
99.99466705322266
99.98933410644531
99.98933410644531
95.58792114257812
97.31114196777344
99.98399353027344
100.0
100.0
99.99466705322266
100.0
100.0
99.98933410644531
99.97332763671875
99.84528350830078
98.51686096191406
99.9306411743164
99.9786605834961
100.0
100.0
100.0
100.0
100.0
100.0
99.99466705322266
100.0
100.0
99.99466705322266
99.98399353027344
97.28446960449219
99.46649932861328
99.99466705322266
100.0
100.0
100.0
100.0
100.0
100.0
100.0
100.0
100.0
100.0
100.0
100.0
100.0
100.0
100.0
100.0
100.0
86.12889862060547
99.65855407714844
100.0
100.0
100.0
100.0
100.0
100.0
100.0
100.0
100.0
99.99466705322266
100.0
100.0
100.0
99.99466705322266
99.99466705322266
99.98933410644531
100.0
100.0
94.45689392089844
99.82927703857422
100.0
100.0
