77.8967056274414
80.00091552734375
82.4985122680664
85.17451477050781
87.1780776977539
90.39842224121094
87.67211151123047
94.75321197509766
93.26654815673828
93.91610717773438
97.00836944580078
98.57737731933594
99.30012512207031
99.66606903076172
99.23150634765625
99.81702423095703
99.70266723632812
99.60203552246094
97.57101440429688
97.21421813964844
99.70266723632812
99.17204284667969
99.88106536865234
99.97254943847656
99.97712707519531
99.95883178710938
99.9405288696289
98.99822235107422
99.46937561035156
99.99542999267578
99.99542999267578
99.99542999267578
100.0
99.99542999267578
99.98170471191406
99.99085235595703
99.98628234863281
99.97712707519531
98.98448944091797
99.77128601074219
100.0
99.99542999267578
99.99542999267578
100.0
100.0
100.0
100.0
99.99542999267578
99.99542999267578
99.99542999267578
100.0
99.99085235595703
99.99085235595703
98.5865249633789
99.99085235595703
100.0
99.99542999267578
100.0
100.0
100.0
100.0
99.99542999267578
99.99542999267578
100.0
100.0
99.99542999267578
98.15653228759766
99.98628234863281
100.0
100.0
100.0
100.0
100.0
100.0
100.0
100.0
99.99542999267578
99.99542999267578
100.0
100.0
100.0
100.0
100.0
99.4876708984375
99.9405288696289
100.0
100.0
100.0
100.0
100.0
100.0
100.0
100.0
100.0
100.0
100.0
100.0
100.0
100.0
99.99542999267578
99.99542999267578
100.0
99.34129333496094
99.98170471191406
100.0
100.0
100.0
100.0
100.0
100.0
100.0
100.0
100.0
100.0
99.98628234863281
100.0
100.0
100.0
100.0
100.0
100.0
100.0
98.29376220703125
99.98628234863281
100.0
100.0
100.0
100.0
100.0
100.0
100.0
100.0
100.0
100.0
100.0
99.99542999267578
100.0
100.0
100.0
100.0
100.0
99.99542999267578
100.0
100.0
100.0
100.0
100.0
100.0
99.99542999267578
96.53721618652344
99.99542999267578
100.0
100.0
100.0
100.0
100.0
100.0
100.0
100.0
100.0
100.0
100.0
100.0
99.39618682861328
99.6249008178711
99.83989715576172
100.0
100.0
100.0
100.0
100.0
100.0
100.0
100.0
100.0
100.0
100.0
100.0
100.0
100.0
100.0
100.0
100.0
100.0
100.0
99.99542999267578
95.83275604248047
99.97254943847656
99.93138122558594
100.0
100.0
100.0
100.0
100.0
100.0
100.0
99.99542999267578
99.57916259765625
99.9496841430664
100.0
100.0
100.0
100.0
100.0
100.0
100.0
100.0
100.0
100.0
98.71917724609375
99.58373260498047
99.96797943115234
100.0
100.0
100.0
100.0
100.0
100.0
100.0
100.0
100.0
100.0
100.0
100.0
100.0
100.0
100.0
100.0
100.0
100.0
100.0
100.0
100.0
100.0
100.0
100.0
100.0
100.0
100.0
100.0
100.0
100.0
100.0
100.0
100.0
100.0
100.0
100.0
100.0
100.0
100.0
100.0
99.99542999267578
99.97712707519531
99.85362243652344
99.95426177978516
100.0
100.0
100.0
100.0
100.0
100.0
100.0
100.0
100.0
99.22235870361328
99.39160919189453
100.0
100.0
100.0
100.0
100.0
100.0
100.0
100.0
100.0
100.0
100.0
100.0
100.0
100.0
99.99542999267578
100.0
100.0
100.0
100.0
100.0
100.0
99.99542999267578
99.85819244384766
99.98170471191406
100.0
100.0
100.0
100.0
100.0
100.0
100.0
100.0
100.0
