79.39710235595703
82.0182113647461
84.64389038085938
89.84950256347656
84.7994155883789
92.15498352050781
91.89881896972656
97.186767578125
96.72933959960938
98.27546691894531
98.51333618164062
98.38983154296875
98.97991943359375
97.35144805908203
98.20227813720703
99.43277740478516
99.46479797363281
96.7339096069336
98.87013244628906
99.36416625976562
99.45108032226562
99.52884674072266
99.95426177978516
99.84904479980469
97.5847396850586
98.43099975585938
96.49147033691406
99.83074951171875
99.98170471191406
99.98628234863281
100.0
99.98170471191406
99.96797943115234
82.75924682617188
98.13823699951172
99.73468780517578
100.0
99.99085235595703
100.0
100.0
100.0
99.99542999267578
99.16289520263672
99.87649536132812
99.98170471191406
100.0
100.0
100.0
100.0
100.0
99.98628234863281
96.22615814208984
97.31942749023438
99.99085235595703
100.0
100.0
99.99542999267578
97.186767578125
98.64141082763672
99.92223358154297
100.0
100.0
100.0
100.0
100.0
100.0
100.0
99.98170471191406
97.77228546142578
99.4876708984375
99.99542999267578
100.0
99.99542999267578
100.0
100.0
100.0
100.0
99.97712707519531
96.14381408691406
99.9405288696289
100.0
100.0
100.0
100.0
100.0
100.0
100.0
99.98628234863281
99.39618682861328
99.99542999267578
100.0
100.0
100.0
100.0
100.0
100.0
100.0
98.86555480957031
99.97254943847656
99.99542999267578
100.0
100.0
100.0
100.0
100.0
100.0
99.99542999267578
99.98628234863281
99.29554748535156
99.97254943847656
100.0
100.0
100.0
100.0
100.0
99.99542999267578
100.0
100.0
99.99542999267578
100.0
98.46302032470703
99.61575317382812
100.0
100.0
100.0
100.0
100.0
100.0
100.0
100.0
100.0
100.0
98.49503326416016
99.96797943115234
99.99085235595703
100.0
100.0
100.0
100.0
100.0
99.99542999267578
99.99085235595703
99.99085235595703
99.89021301269531
99.76670837402344
100.0
100.0
100.0
100.0
100.0
100.0
100.0
100.0
100.0
100.0
99.99542999267578
99.99542999267578
100.0
100.0
99.99542999267578
99.99542999267578
99.99542999267578
98.07876586914062
99.55171203613281
100.0
100.0
100.0
100.0
100.0
100.0
100.0
100.0
100.0
100.0
99.99542999267578
100.0
99.84447479248047
98.11078643798828
99.98170471191406
100.0
100.0
100.0
100.0
100.0
100.0
99.99085235595703
100.0
100.0
99.22693634033203
99.99085235595703
100.0
100.0
100.0
100.0
100.0
100.0
100.0
100.0
99.99542999267578
100.0
100.0
100.0
99.99542999267578
97.52984619140625
99.8627700805664
99.94510650634766
100.0
100.0
100.0
100.0
100.0
100.0
100.0
99.99542999267578
99.78500366210938
99.90851593017578
100.0
100.0
100.0
100.0
100.0
100.0
100.0
99.99542999267578
100.0
100.0
100.0
99.81702423095703
99.96797943115234
100.0
100.0
100.0
100.0
100.0
100.0
100.0
99.99085235595703
99.92223358154297
100.0
100.0
100.0
100.0
100.0
100.0
100.0
100.0
100.0
100.0
100.0
100.0
99.99542999267578
99.99085235595703
99.99085235595703
99.40533447265625
100.0
100.0
100.0
100.0
100.0
100.0
100.0
100.0
100.0
100.0
100.0
99.99542999267578
99.89021301269531
99.81245422363281
100.0
100.0
100.0
100.0
100.0
100.0
100.0
100.0
100.0
100.0
100.0
99.7392578125
99.9634017944336
100.0
100.0
100.0
100.0
100.0
100.0
100.0
100.0
100.0
99.99542999267578
99.99542999267578
100.0
100.0
99.07598114013672
99.92223358154297
99.99085235595703
99.06683349609375
99.9130859375
99.9634017944336
100.0
100.0
100.0
100.0
100.0
100.0
100.0
100.0
100.0
99.99085235595703
99.98628234863281
99.99085235595703
99.95426177978516
99.13087463378906
99.9405288696289
99.99085235595703
100.0
100.0
100.0
100.0
100.0
100.0
100.0
100.0
100.0
100.0
100.0
99.9634017944336
99.97712707519531
100.0
100.0
99.99542999267578
100.0
100.0
100.0
100.0
93.18421173095703
100.0
100.0
100.0
100.0
100.0
100.0
100.0
100.0
100.0
100.0
100.0
100.0
99.99085235595703
99.55628204345703
99.78958129882812
99.92223358154297
100.0
100.0
100.0
100.0
100.0
100.0
100.0
100.0
100.0
100.0
100.0
100.0
99.99542999267578
99.99085235595703
99.99542999267578
100.0
99.99542999267578
99.29554748535156
99.81702423095703
100.0
100.0
100.0
100.0
100.0
100.0
100.0
100.0
100.0
100.0
99.99542999267578
99.99542999267578
100.0
98.25259399414062
100.0
100.0
100.0
100.0
100.0
100.0
100.0
100.0
100.0
100.0
100.0
100.0
98.31664276123047
99.8353271484375
