81.2250747680664
84.38746643066406
86.9610595703125
82.9059829711914
85.57454681396484
91.23931884765625
88.09591674804688
97.45964050292969
95.63153076171875
96.22032165527344
97.79202270507812
98.00569915771484
98.456787109375
98.57075500488281
99.27825164794922
96.353271484375
99.1975326538086
98.24311828613281
99.81006622314453
99.52991485595703
99.3922119140625
98.74169158935547
99.80056762695312
99.9620132446289
99.95726013183594
99.95726013183594
96.51471710205078
98.43779754638672
99.98100280761719
99.99524688720703
100.0
99.99524688720703
99.9905014038086
99.1595458984375
99.62488555908203
99.98100280761719
99.9905014038086
100.0
99.99524688720703
99.99524688720703
97.08451843261719
99.88603973388672
99.9905014038086
100.0
100.0
100.0
99.99524688720703
92.60208892822266
99.8053207397461
99.97625732421875
99.9905014038086
100.0
100.0
100.0
100.0
98.03418731689453
99.62488555908203
99.98575592041016
100.0
100.0
100.0
100.0
99.9905014038086
99.99524688720703
99.67711639404297
99.98575592041016
99.9905014038086
100.0
100.0
100.0
99.9905014038086
99.99524688720703
100.0
95.50807189941406
99.46818542480469
99.99524688720703
100.0
100.0
100.0
100.0
99.99524688720703
100.0
99.99524688720703
99.1215591430664
99.77682495117188
99.9905014038086
100.0
100.0
100.0
100.0
100.0
91.74739074707031
99.95726013183594
99.9620132446289
100.0
100.0
100.0
100.0
99.99524688720703
100.0
