83.2063217163086
85.95352172851562
87.9010238647461
88.73835754394531
91.21742248535156
90.49299621582031
94.59968566894531
95.82745361328125
97.37980651855469
98.2171401977539
98.05249786376953
98.20773315429688
99.21440887451172
98.59347534179688
99.19088745117188
99.76950073242188
99.09210968017578
99.68012237548828
99.21440887451172
99.76009368896484
99.9388427734375
99.77420043945312
99.96236419677734
99.929443359375
99.92472839355469
98.02427673339844
99.52488708496094
99.86358642578125
99.89180755615234
99.90592193603516
99.98588562011719
99.86358642578125
100.0
100.0
99.99530029296875
99.99530029296875
99.96236419677734
99.31320190429688
100.0
99.9717788696289
99.99530029296875
100.0
100.0
99.99530029296875
99.95295715332031
98.81926727294922
99.88240051269531
99.98588562011719
100.0
100.0
99.99530029296875
100.0
100.0
100.0
100.0
99.99530029296875
99.99530029296875
95.97328186035156
99.94355010986328
99.90121459960938
100.0
99.99530029296875
100.0
100.0
100.0
100.0
100.0
100.0
99.97647857666016
99.60955810546875
98.11835479736328
99.97647857666016
99.7789077758789
100.0
100.0
100.0
100.0
100.0
100.0
100.0
99.99530029296875
100.0
100.0
99.99530029296875
100.0
98.12306213378906
99.90592193603516
100.0
100.0
100.0
100.0
100.0
100.0
100.0
100.0
100.0
93.6729736328125
99.48725128173828
100.0
100.0
100.0
100.0
100.0
100.0
100.0
99.99059295654297
99.46372985839844
99.96236419677734
99.98118591308594
100.0
100.0
100.0
100.0
100.0
99.99530029296875
99.99530029296875
100.0
100.0
100.0
99.99530029296875
99.97647857666016
99.98588562011719
100.0
100.0
100.0
100.0
100.0
100.0
100.0
100.0
99.99530029296875
100.0
99.46372985839844
99.6330795288086
100.0
100.0
100.0
100.0
100.0
100.0
100.0
100.0
100.0
100.0
99.94825744628906
99.99530029296875
99.84476470947266
100.0
100.0
100.0
100.0
100.0
100.0
100.0
99.99530029296875
99.99530029296875
100.0
100.0
99.99530029296875
100.0
99.4402084350586
99.96236419677734
100.0
100.0
100.0
100.0
99.99530029296875
100.0
100.0
100.0
100.0
100.0
100.0
99.99530029296875
99.98118591308594
99.99059295654297
99.9717788696289
99.99530029296875
99.92002868652344
100.0
100.0
100.0
100.0
99.99530029296875
98.81456756591797
99.94825744628906
100.0
100.0
100.0
100.0
100.0
100.0
100.0
100.0
100.0
100.0
100.0
99.98588562011719
96.5236587524414
99.98118591308594
99.99530029296875
100.0
100.0
100.0
100.0
100.0
100.0
100.0
100.0
100.0
99.98588562011719
99.350830078125
99.55780792236328
100.0
100.0
100.0
100.0
100.0
100.0
100.0
100.0
100.0
100.0
100.0
100.0
100.0
100.0
100.0
96.6741943359375
100.0
100.0
100.0
100.0
100.0
100.0
100.0
100.0
100.0
100.0
100.0
99.99530029296875
100.0
99.9576644897461
99.99530029296875
99.10151672363281
99.99059295654297
100.0
100.0
100.0
100.0
100.0
100.0
100.0
100.0
100.0
100.0
99.99530029296875
99.99059295654297
99.94355010986328
99.46843719482422
99.98588562011719
100.0
100.0
100.0
100.0
100.0
100.0
99.99530029296875
99.99059295654297
99.4119873046875
99.88710021972656
100.0
100.0
100.0
100.0
100.0
99.99059295654297
99.99059295654297
100.0
100.0
100.0
100.0
100.0
100.0
100.0
100.0
99.99530029296875
99.80242919921875
99.6942367553711
100.0
100.0
100.0
100.0
100.0
100.0
100.0
100.0
99.99059295654297
99.99530029296875
100.0
100.0
100.0
100.0
100.0
100.0
100.0
100.0
100.0
100.0
100.0
99.99059295654297
99.47784423828125
99.9717788696289
100.0
100.0
100.0
100.0
100.0
100.0
100.0
99.99059295654297
100.0
99.9717788696289
99.98588562011719
100.0
100.0
100.0
100.0
100.0
100.0
100.0
99.99530029296875
99.59544372558594
99.84476470947266
99.94825744628906
100.0
100.0
100.0
100.0
100.0
100.0
100.0
100.0
100.0
100.0
100.0
100.0
100.0
100.0
100.0
99.54840850830078
99.99530029296875
99.99530029296875
100.0
100.0
100.0
100.0
100.0
100.0
99.99530029296875
100.0
100.0
100.0
100.0
100.0
100.0
100.0
99.99530029296875
99.96707153320312
99.99059295654297
100.0
100.0
100.0
100.0
100.0
100.0
100.0
100.0
100.0
100.0
100.0
100.0
99.96236419677734
98.59817504882812
99.96707153320312
100.0
100.0
100.0
100.0
100.0
100.0
100.0
100.0
99.9576644897461
99.94825744628906
100.0
100.0
100.0
100.0
100.0
100.0
100.0
100.0
100.0
100.0
100.0
100.0
99.99530029296875
99.99059295654297
99.95295715332031
100.0
100.0
100.0
100.0
100.0
100.0
100.0
100.0
100.0
100.0
99.86358642578125
99.7789077758789
99.95295715332031
100.0
100.0
100.0
100.0
100.0
100.0
100.0
100.0
100.0
100.0
100.0
100.0
100.0
99.99530029296875
100.0
100.0
99.49195098876953
99.95295715332031
100.0
100.0
100.0
100.0
100.0
99.99530029296875
100.0
100.0
100.0
100.0
100.0
100.0
100.0
100.0
100.0
100.0
100.0
99.94355010986328
100.0
99.68012237548828
100.0
100.0
100.0
100.0
100.0
100.0
100.0
100.0
100.0
100.0
100.0
100.0
99.99530029296875
99.63777923583984
99.92002868652344
100.0
100.0
100.0
100.0
100.0
100.0
100.0
100.0
100.0
100.0
100.0
100.0
99.99530029296875
100.0
99.99059295654297
99.64248657226562
99.99059295654297
100.0
100.0
100.0
100.0
100.0
100.0
99.99530029296875
99.94355010986328
99.99059295654297
100.0
100.0
100.0
100.0
100.0
100.0
100.0
100.0
100.0
100.0
100.0
100.0
100.0
100.0
100.0
100.0
99.98588562011719
100.0
100.0
100.0
100.0
100.0
100.0
100.0
100.0
98.48527526855469
99.9576644897461
99.7789077758789
100.0
100.0
100.0
100.0
100.0
100.0
100.0
100.0
100.0
100.0
99.99530029296875
100.0
100.0
100.0
100.0
99.86358642578125
99.99530029296875
100.0
99.99059295654297
99.25674438476562
99.99530029296875
100.0
100.0
100.0
100.0
100.0
100.0
100.0
100.0
99.99530029296875
100.0
100.0
100.0
100.0
99.65189361572266
99.88240051269531
100.0
100.0
100.0
100.0
100.0
100.0
100.0
100.0
100.0
100.0
100.0
100.0
99.99530029296875
98.92745971679688
99.96707153320312
99.99530029296875
100.0
100.0
100.0
100.0
100.0
100.0
100.0
100.0
100.0
99.99530029296875
99.83065032958984
99.99059295654297
100.0
100.0
100.0
100.0
100.0
100.0
100.0
100.0
100.0
100.0
100.0
100.0
100.0
100.0
100.0
100.0
99.10621643066406
99.98588562011719
100.0
100.0
100.0
100.0
100.0
100.0
99.99059295654297
100.0
99.99059295654297
100.0
100.0
99.99059295654297
99.99059295654297
99.9576644897461
99.99530029296875
100.0
100.0
100.0
100.0
100.0
99.87298583984375
96.91880798339844
100.0
100.0
100.0
100.0
100.0
100.0
100.0
100.0
100.0
100.0
100.0
100.0
100.0
100.0
99.99530029296875
100.0
100.0
99.99530029296875
100.0
100.0
100.0
100.0
98.4100112915039
99.99059295654297
100.0
100.0
100.0
100.0
100.0
100.0
100.0
100.0
100.0
100.0
99.99530029296875
100.0
100.0
100.0
100.0
100.0
99.99530029296875
100.0
99.38846588134766
99.99530029296875
100.0
100.0
100.0
100.0
100.0
100.0
100.0
100.0
99.99059295654297
99.80712890625
100.0
100.0
100.0
100.0
100.0
100.0
100.0
100.0
100.0
100.0
100.0
100.0
100.0
100.0
100.0
100.0
100.0
98.91806030273438
100.0
100.0
100.0
100.0
100.0
100.0
100.0
100.0
100.0
99.99530029296875
99.99059295654297
99.96707153320312
100.0
100.0
100.0
100.0
100.0
100.0
100.0
100.0
100.0
100.0
100.0
99.99530029296875
99.50606536865234
99.98118591308594
99.90121459960938
99.47313690185547
100.0
100.0
100.0
100.0
100.0
100.0
100.0
100.0
99.99530029296875
100.0
100.0
100.0
100.0
99.4543228149414
99.83535766601562
100.0
100.0
100.0
100.0
100.0
100.0
100.0
100.0
100.0
100.0
99.99059295654297
100.0
100.0
100.0
100.0
100.0
100.0
100.0
100.0
100.0
100.0
100.0
100.0
100.0
99.99059295654297
100.0
100.0
100.0
99.99530029296875
97.32806396484375
99.96707153320312
99.99059295654297
100.0
100.0
100.0
100.0
100.0
100.0
100.0
100.0
100.0
100.0
100.0
99.99059295654297
100.0
99.99059295654297
99.91532897949219
100.0
100.0
100.0
100.0
100.0
100.0
100.0
100.0
100.0
100.0
100.0
100.0
99.99059295654297
99.83065032958984
100.0
100.0
100.0
100.0
100.0
100.0
100.0
100.0
100.0
100.0
100.0
100.0
100.0
99.99530029296875
99.98588562011719
99.6942367553711
99.99530029296875
100.0
100.0
100.0
100.0
100.0
100.0
100.0
100.0
100.0
99.85887145996094
99.9717788696289
100.0
100.0
100.0
100.0
100.0
100.0
100.0
100.0
100.0
100.0
100.0
99.99530029296875
100.0
100.0
100.0
100.0
100.0
100.0
100.0
100.0
100.0
100.0
100.0
100.0
100.0
100.0
100.0
100.0
100.0
100.0
99.99530029296875
99.93414306640625
99.96236419677734
100.0
100.0
100.0
100.0
100.0
100.0
100.0
100.0
100.0
100.0
100.0
100.0
100.0
100.0
99.99530029296875
99.59544372558594
99.92472839355469
99.87769317626953
99.84947204589844
100.0
100.0
100.0
100.0
100.0
100.0
100.0
100.0
100.0
100.0
100.0
100.0
100.0
100.0
100.0
100.0
99.99530029296875
99.99059295654297
99.98588562011719
100.0
100.0
100.0
100.0
100.0
100.0
100.0
100.0
100.0
100.0
100.0
100.0
99.98118591308594
99.97647857666016
99.9388427734375
100.0
100.0
100.0
100.0
100.0
100.0
100.0
100.0
100.0
100.0
100.0
100.0
99.94825744628906
99.87769317626953
99.99059295654297
99.39787292480469
100.0
100.0
100.0
100.0
100.0
100.0
100.0
100.0
100.0
99.99530029296875
100.0
99.99530029296875
99.94825744628906
99.90592193603516
99.99059295654297
100.0
100.0
100.0
100.0
100.0
100.0
100.0
100.0
100.0
100.0
99.99530029296875
100.0
99.99530029296875
100.0
100.0
100.0
99.99530029296875
100.0
100.0
100.0
100.0
100.0
100.0
100.0
99.98588562011719
99.47313690185547
99.98118591308594
100.0
100.0
100.0
100.0
100.0
100.0
100.0
100.0
100.0
100.0
99.99059295654297
100.0
99.9717788696289
100.0
100.0
100.0
100.0
100.0
