80.93608856201172
83.44499969482422
83.59705352783203
88.96649932861328
91.30909729003906
93.07199096679688
89.37989807128906
97.6859130859375
98.22285461425781
95.62366485595703
99.00214385986328
96.75457763671875
97.34854125976562
98.10881805419922
98.76930236816406
99.8194351196289
99.54383087158203
98.55547332763672
98.87384033203125
99.9239730834961
99.77191925048828
99.39178466796875
98.80731964111328
98.52696990966797
99.20170593261719
99.96674346923828
99.99524688720703
99.9905014038086
99.97624206542969
96.53599548339844
99.77666473388672
99.9857406616211
100.0
100.0
99.53433227539062
99.9905014038086
99.97624206542969
99.05440521240234
99.8717041015625
98.40817260742188
99.99524688720703
99.99524688720703
100.0
100.0
99.88595581054688
97.88072967529297
99.56758880615234
100.0
100.0
100.0
100.0
100.0
99.95723724365234
95.80422973632812
99.97624206542969
99.99524688720703
100.0
100.0
100.0
100.0
100.0
99.99524688720703
99.88121032714844
100.0
100.0
100.0
100.0
100.0
100.0
97.80470275878906
99.9905014038086
100.0
100.0
100.0
100.0
100.0
99.98099517822266
99.99524688720703
99.70063781738281
98.48419952392578
100.0
100.0
100.0
99.9905014038086
100.0
100.0
99.9905014038086
99.69589233398438
99.50106811523438
99.96198272705078
100.0
100.0
100.0
100.0
100.0
99.99524688720703
100.0
99.62461853027344
100.0
100.0
