80.18846130371094
82.56713104248047
85.59078216552734
86.6108627319336
92.15040588378906
93.78802490234375
95.60404205322266
96.11637115478516
96.35424041748047
96.70188903808594
98.28919219970703
98.50418853759766
98.30290985107422
99.43277740478516
99.00736236572266
99.49224853515625
99.69808959960938
97.2370834350586
96.8985824584961
96.6241226196289
98.76950073242188
99.5745849609375
99.95426177978516
99.07598114013672
99.27725219726562
98.68258666992188
99.60660552978516
99.98170471191406
99.98170471191406
99.97712707519531
99.94510650634766
98.76492309570312
99.88106536865234
99.95883178710938
100.0
99.98628234863281
100.0
99.98628234863281
99.99542999267578
97.43378448486328
99.78042602539062
99.9130859375
99.99542999267578
100.0
100.0
100.0
100.0
99.98170471191406
99.45565032958984
99.4876708984375
100.0
100.0
100.0
100.0
100.0
100.0
99.98628234863281
97.69451904296875
99.90393829345703
100.0
100.0
100.0
100.0
100.0
100.0
99.51054382324219
99.6111831665039
99.9634017944336
99.98170471191406
100.0
100.0
100.0
100.0
99.4876708984375
99.95426177978516
100.0
100.0
100.0
100.0
100.0
100.0
100.0
100.0
99.99542999267578
99.26353454589844
99.95883178710938
99.95883178710938
100.0
100.0
100.0
100.0
100.0
100.0
100.0
99.09884643554688
99.99085235595703
100.0
100.0
100.0
100.0
