79.909423828125
82.91477966308594
86.62458038330078
77.14193725585938
81.45555877685547
88.59156036376953
97.07698822021484
97.32400512695312
94.83097839355469
92.3333740234375
99.18119049072266
98.65971374511719
98.9250259399414
98.53620910644531
99.32756805419922
98.81981658935547
99.30927276611328
99.69351959228516
99.56085968017578
99.3504409790039
96.80709838867188
99.1994857788086
99.9130859375
99.94510650634766
99.83989715576172
99.80787658691406
99.45565032958984
98.8975830078125
99.98628234863281
100.0
100.0
99.9130859375
99.34587097167969
96.40913391113281
99.97712707519531
99.99542999267578
100.0
99.99085235595703
99.99542999267578
99.99542999267578
99.38703918457031
99.13544464111328
99.70723724365234
99.99542999267578
100.0
100.0
100.0
100.0
99.99542999267578
99.95883178710938
99.4876708984375
99.96797943115234
99.99085235595703
99.99542999267578
100.0
99.99542999267578
99.99542999267578
100.0
93.63706970214844
99.96797943115234
100.0
100.0
100.0
100.0
100.0
100.0
99.99085235595703
99.73011016845703
99.4876708984375
99.97712707519531
100.0
100.0
100.0
100.0
100.0
99.03939056396484
100.0
100.0
100.0
100.0
100.0
100.0
100.0
99.99085235595703
99.04853057861328
99.97712707519531
100.0
100.0
100.0
100.0
99.99542999267578
99.99085235595703
99.99542999267578
99.99085235595703
100.0
97.91409301757812
99.91766357421875
100.0
100.0
100.0
