79.71989440917969
84.45972442626953
86.75238800048828
86.55303192138672
89.3640365600586
87.5348892211914
97.17902374267578
97.28369140625
98.00139617919922
98.37519836425781
99.50658416748047
99.32715606689453
99.70095825195312
98.82376098632812
98.1658706665039
99.55142974853516
99.83552551269531
98.78388977050781
99.7707290649414
99.4517593383789
99.92523956298828
99.57635498046875
99.10785675048828
99.19756317138672
99.92523956298828
99.98006439208984
99.9950180053711
99.9950180053711
99.97508239746094
99.95513916015625
98.93341064453125
99.93022155761719
99.9950180053711
99.9950180053711
99.9950180053711
99.99003601074219
99.99003601074219
99.99003601074219
99.75578308105469
99.98006439208984
100.0
100.0
100.0
100.0
100.0
99.9950180053711
100.0
99.83552551269531
99.91527557373047
99.98006439208984
100.0
100.0
100.0
100.0
100.0
99.9950180053711
100.0
99.5614013671875
99.72587585449219
100.0
100.0
100.0
100.0
100.0
100.0
100.0
100.0
100.0
99.9950180053711
99.69099426269531
100.0
100.0
100.0
100.0
100.0
100.0
100.0
100.0
100.0
100.0
100.0
100.0
100.0
100.0
99.9950180053711
100.0
98.44497680664062
99.99003601074219
100.0
100.0
100.0
100.0
100.0
100.0
100.0
99.9950180053711
100.0
100.0
100.0
100.0
