75.88063049316406
82.3341293334961
86.32027435302734
90.26378631591797
92.63522338867188
92.19290924072266
97.49000549316406
94.60164642333984
97.49000549316406
98.80628967285156
99.38715362548828
99.46709442138672
98.1881103515625
99.55236053466797
99.78683471679688
99.845458984375
99.86677551269531
99.1366958618164
97.17559051513672
99.9200668334961
99.61097717285156
99.4457778930664
99.79749298095703
99.96802520751953
99.96269989013672
99.97868347167969
99.96269989013672
99.96269989013672
99.97868347167969
92.9229965209961
99.4084701538086
99.98934173583984
99.98934173583984
99.98401641845703
99.98934173583984
99.98934173583984
99.96802520751953
99.97868347167969
99.94670867919922
98.49187469482422
99.93072509765625
99.99467468261719
100.0
100.0
100.0
99.99467468261719
100.0
100.0
99.98934173583984
100.0
98.41726684570312
99.87210083007812
99.98934173583984
100.0
100.0
100.0
100.0
100.0
100.0
100.0
99.99467468261719
99.90940856933594
99.98401641845703
99.99467468261719
99.99467468261719
100.0
99.99467468261719
100.0
100.0
95.29975891113281
99.97868347167969
100.0
100.0
100.0
100.0
100.0
100.0
100.0
100.0
99.98934173583984
99.99467468261719
99.97868347167969
99.99467468261719
100.0
100.0
100.0
100.0
100.0
100.0
99.28590393066406
100.0
100.0
100.0
100.0
100.0
100.0
100.0
100.0
100.0
100.0
