81.12609100341797
84.58833312988281
87.14230346679688
88.63658142089844
84.56391906738281
92.30393981933594
95.57085418701172
95.38529205322266
93.10968017578125
97.475341796875
98.06133270263672
98.30062103271484
98.12969970703125
98.5008316040039
99.53120422363281
99.39936065673828
99.48236846923828
98.90614318847656
98.62290954589844
99.87791442871094
99.72653198242188
99.91210174560547
99.93163299560547
99.94628143310547
99.58492279052734
99.90721893310547
99.90232849121094
99.9853515625
99.990234375
99.97069549560547
99.9609375
98.87684631347656
99.92675018310547
99.95116424560547
100.0
99.9951171875
100.0
99.9951171875
99.9853515625
98.14435577392578
100.0
99.9951171875
100.0
100.0
100.0
100.0
99.9951171875
99.98046875
99.9951171875
98.16388702392578
99.90721893310547
100.0
100.0
100.0
100.0
99.9951171875
99.9951171875
100.0
100.0
100.0
99.60445404052734
99.7753677368164
99.86326599121094
100.0
100.0
100.0
100.0
99.9951171875
100.0
100.0
100.0
99.9951171875
99.8144302368164
99.9658203125
99.9951171875
100.0
100.0
100.0
100.0
100.0
99.9951171875
99.12589263916016
99.98046875
100.0
100.0
100.0
100.0
100.0
100.0
100.0
100.0
100.0
100.0
99.9951171875
99.93163299560547
98.78894805908203
99.9853515625
100.0
100.0
100.0
