82.71358489990234
84.2902603149414
77.14774322509766
88.30792999267578
93.98774719238281
94.9470443725586
93.56034088134766
95.4124526977539
96.42398834228516
98.10039520263672
98.7130126953125
98.92671966552734
99.1214370727539
99.29714965820312
99.43486785888672
96.8941421508789
99.72455596923828
99.800537109375
92.80998992919922
99.89077758789062
99.8432846069336
99.52985382080078
97.6682357788086
99.46810913085938
99.99524688720703
99.9905014038086
99.99524688720703
98.48981475830078
98.6275405883789
99.47285461425781
99.1024398803711
99.88602447509766
100.0
100.0
99.97625732421875
99.19741821289062
99.94300842285156
99.98575592041016
100.0
100.0
100.0
99.9905014038086
97.86769104003906
99.81004333496094
100.0
100.0
100.0
100.0
100.0
99.99524688720703
99.99524688720703
99.98575592041016
99.23541259765625
97.20283508300781
99.9905014038086
100.0
100.0
100.0
100.0
100.0
90.39749145507812
99.58683776855469
99.9905014038086
100.0
99.99524688720703
100.0
100.0
100.0
100.0
99.77680206298828
99.97625732421875
100.0
100.0
99.9905014038086
97.21232604980469
99.98575592041016
100.0
100.0
100.0
100.0
100.0
99.43961334228516
98.5278091430664
99.92876434326172
100.0
100.0
100.0
100.0
100.0
99.99524688720703
99.99524688720703
100.0
100.0
97.76321411132812
99.92401885986328
99.99524688720703
99.99524688720703
100.0
100.0
100.0
