69.47532653808594
75.01943969726562
78.67435455322266
81.94959259033203
83.75188446044922
84.85430145263672
86.38671875
87.85050964355469
89.69397735595703
91.66094970703125
91.92168426513672
93.84748840332031
95.25639343261719
94.97278594970703
93.82919311523438
94.73949432373047
96.76593017578125
98.91130065917969
99.3504409790039
99.35501861572266
99.50139617919922
98.77864837646484
99.71639251708984
99.67064666748047
99.89479064941406
99.90851593017578
99.78958129882812
99.90393829345703
99.95426177978516
99.86734008789062
99.95426177978516
96.15753936767578
99.00279235839844
99.94510650634766
99.99542999267578
99.97254943847656
99.98628234863281
99.9634017944336
99.98170471191406
100.0
99.97712707519531
99.95426177978516
99.91766357421875
99.98628234863281
99.98628234863281
98.6734390258789
97.56644439697266
99.99542999267578
100.0
100.0
99.99542999267578
100.0
100.0
100.0
100.0
99.99085235595703
99.98170471191406
99.98628234863281
99.99085235595703
99.98628234863281
99.98628234863281
99.98628234863281
99.99085235595703
100.0
99.99542999267578
99.99542999267578
100.0
100.0
100.0
99.99542999267578
99.99085235595703
100.0
100.0
100.0
100.0
99.99085235595703
99.99542999267578
99.98170471191406
100.0
100.0
100.0
99.56543731689453
100.0
100.0
100.0
100.0
100.0
100.0
100.0
100.0
100.0
100.0
100.0
100.0
100.0
100.0
100.0
100.0
100.0
100.0
