79.70816040039062
82.7821273803711
85.43067932128906
86.85330200195312
89.7397232055664
88.14784240722656
96.1209487915039
96.20785522460938
94.39641571044922
88.87516784667969
94.74406433105469
98.62769317626953
99.1400146484375
98.33950805664062
99.10342407226562
99.55171203613281
99.64320373535156
99.70723724365234
94.57023620605469
99.6111831665039
99.47394561767578
99.95426177978516
99.96797943115234
99.98170471191406
99.96797943115234
98.96619415283203
99.7758560180664
99.97712707519531
99.99085235595703
100.0
99.98628234863281
99.99085235595703
99.9496841430664
98.17025756835938
99.77128601074219
99.92223358154297
99.16289520263672
99.97254943847656
99.99085235595703
99.99542999267578
99.99542999267578
100.0
99.99542999267578
99.99085235595703
94.37811279296875
98.88843536376953
99.99542999267578
100.0
100.0
100.0
100.0
100.0
99.99542999267578
99.99542999267578
100.0
99.99542999267578
99.74840545654297
99.4007568359375
99.98170471191406
99.99542999267578
100.0
100.0
100.0
100.0
100.0
100.0
100.0
99.99542999267578
99.98628234863281
99.99542999267578
99.99085235595703
99.99542999267578
98.81981658935547
99.91766357421875
100.0
100.0
100.0
99.99542999267578
100.0
99.99542999267578
100.0
100.0
100.0
100.0
99.99085235595703
99.98628234863281
99.99085235595703
99.99085235595703
100.0
100.0
99.99542999267578
99.05767822265625
99.99542999267578
100.0
100.0
100.0
100.0
100.0
100.0
100.0
