82.06322479248047
84.46231842041016
86.1793212890625
88.8888931274414
90.33775329589844
92.48753356933594
94.27980041503906
94.94308471679688
93.03321075439453
98.2171401977539
96.9376220703125
96.28375244140625
97.81258392333984
98.47586822509766
99.26615905761719
99.61896514892578
98.76752471923828
99.34613037109375
99.43550872802734
99.4308090209961
99.32260131835938
98.06661224365234
98.81456756591797
99.9576644897461
99.99059295654297
99.96236419677734
99.9576644897461
99.65189361572266
98.4993896484375
99.82124328613281
99.94825744628906
100.0
99.99530029296875
100.0
100.0
100.0
99.92002868652344
98.70636749267578
98.75811004638672
100.0
100.0
100.0
100.0
99.99059295654297
99.98588562011719
98.438232421875
99.88240051269531
99.98588562011719
100.0
100.0
100.0
100.0
100.0
99.90592193603516
99.96236419677734
99.46372985839844
98.80986022949219
99.92472839355469
100.0
100.0
100.0
100.0
100.0
100.0
99.99530029296875
100.0
100.0
99.99530029296875
99.97647857666016
96.58951568603516
99.96707153320312
99.48255157470703
100.0
100.0
100.0
100.0
100.0
100.0
100.0
100.0
98.77222442626953
99.88240051269531
100.0
100.0
100.0
100.0
100.0
100.0
100.0
99.99059295654297
100.0
99.99530029296875
100.0
100.0
99.99059295654297
99.98588562011719
99.4308090209961
99.9717788696289
100.0
100.0
100.0
100.0
100.0
100.0
100.0
100.0
100.0
99.99530029296875
100.0
100.0
99.99530029296875
100.0
99.99059295654297
99.65660095214844
99.99530029296875
100.0
100.0
100.0
100.0
100.0
100.0
100.0
100.0
100.0
100.0
100.0
100.0
100.0
100.0
100.0
100.0
99.99530029296875
98.34415435791016
99.97647857666016
99.99530029296875
100.0
100.0
100.0
100.0
100.0
100.0
100.0
100.0
100.0
100.0
100.0
100.0
100.0
99.99530029296875
100.0
99.46372985839844
99.98588562011719
99.99530029296875
100.0
100.0
100.0
100.0
100.0
100.0
100.0
100.0
100.0
100.0
99.00273132324219
99.66600799560547
99.95295715332031
99.9717788696289
100.0
100.0
100.0
100.0
100.0
100.0
100.0
100.0
100.0
100.0
100.0
100.0
99.99530029296875
99.8682861328125
99.92002868652344
100.0
100.0
100.0
100.0
100.0
100.0
100.0
100.0
100.0
100.0
100.0
98.88983154296875
99.85417175292969
100.0
100.0
100.0
100.0
100.0
100.0
100.0
100.0
100.0
100.0
100.0
100.0
100.0
99.97647857666016
99.98588562011719
100.0
100.0
100.0
100.0
100.0
100.0
100.0
100.0
100.0
99.98118591308594
98.30181884765625
99.84476470947266
99.99530029296875
100.0
100.0
100.0
100.0
100.0
100.0
100.0
100.0
100.0
100.0
100.0
99.99530029296875
99.99059295654297
99.9717788696289
100.0
100.0
99.98588562011719
99.96236419677734
100.0
100.0
100.0
100.0
100.0
100.0
100.0
100.0
100.0
100.0
100.0
100.0
100.0
100.0
100.0
100.0
100.0
98.6734390258789
99.96236419677734
99.99059295654297
100.0
100.0
100.0
100.0
100.0
100.0
99.99059295654297
99.98588562011719
100.0
99.99530029296875
100.0
99.99530029296875
99.7647933959961
99.92002868652344
100.0
100.0
100.0
100.0
100.0
100.0
100.0
100.0
100.0
100.0
100.0
100.0
100.0
100.0
100.0
99.99530029296875
100.0
99.99530029296875
99.99530029296875
99.45903015136719
99.98588562011719
97.14460754394531
99.99530029296875
99.99530029296875
100.0
