79.57550048828125
84.24591827392578
87.150634765625
90.69575500488281
92.77709197998047
94.19971466064453
95.91510009765625
98.38067626953125
98.87928009033203
98.01930236816406
97.22794342041016
98.35323333740234
99.25895690917969
98.81981658935547
97.75399017333984
99.87649536132812
97.96898651123047
99.03939056396484
99.95883178710938
99.95426177978516
99.97712707519531
99.97254943847656
98.5865249633789
99.58373260498047
99.97254943847656
99.94510650634766
99.99542999267578
99.99542999267578
99.98628234863281
99.98170471191406
94.40556335449219
99.75756072998047
99.99085235595703
99.99085235595703
99.99085235595703
100.0
100.0
99.98628234863281
100.0
98.4996109008789
99.95883178710938
99.99542999267578
100.0
100.0
100.0
99.99542999267578
100.0
99.99085235595703
98.47673797607422
99.97254943847656
100.0
100.0
100.0
100.0
99.99542999267578
99.99542999267578
97.79058837890625
99.236083984375
99.98628234863281
100.0
100.0
100.0
100.0
100.0
99.99542999267578
100.0
99.97254943847656
99.32299041748047
99.98628234863281
100.0
100.0
100.0
100.0
100.0
99.98628234863281
98.26631927490234
99.77128601074219
100.0
100.0
100.0
100.0
100.0
100.0
100.0
100.0
96.44572448730469
99.97712707519531
100.0
100.0
100.0
100.0
100.0
100.0
96.80709838867188
99.98628234863281
100.0
100.0
100.0
100.0
100.0
100.0
99.99542999267578
99.826171875
99.71639251708984
100.0
100.0
100.0
100.0
100.0
100.0
100.0
100.0
99.99542999267578
100.0
100.0
99.99542999267578
99.92681121826172
99.9496841430664
100.0
100.0
100.0
100.0
100.0
100.0
100.0
99.99542999267578
100.0
99.99542999267578
99.98170471191406
100.0
99.99542999267578
100.0
99.97712707519531
100.0
98.63227081298828
99.89479064941406
100.0
100.0
100.0
100.0
100.0
100.0
100.0
100.0
96.81624603271484
99.99542999267578
100.0
100.0
100.0
100.0
100.0
100.0
100.0
100.0
98.95246887207031
99.90393829345703
100.0
100.0
100.0
100.0
100.0
100.0
100.0
100.0
100.0
100.0
100.0
100.0
100.0
99.96797943115234
99.70723724365234
99.95883178710938
100.0
100.0
100.0
100.0
100.0
100.0
100.0
100.0
100.0
100.0
100.0
100.0
100.0
100.0
100.0
99.98628234863281
100.0
100.0
100.0
100.0
100.0
99.9130859375
99.99542999267578
100.0
100.0
100.0
100.0
100.0
100.0
100.0
100.0
100.0
99.99085235595703
99.98628234863281
99.99085235595703
97.03124237060547
99.9405288696289
99.99085235595703
100.0
100.0
100.0
100.0
100.0
100.0
100.0
100.0
100.0
100.0
99.9130859375
99.22693634033203
99.99085235595703
100.0
100.0
100.0
100.0
100.0
100.0
100.0
99.99542999267578
100.0
96.9351806640625
99.90851593017578
100.0
100.0
100.0
100.0
100.0
100.0
100.0
100.0
100.0
100.0
100.0
99.99542999267578
99.99542999267578
100.0
99.42820739746094
99.96797943115234
100.0
100.0
100.0
100.0
100.0
100.0
100.0
100.0
100.0
99.97712707519531
99.04396057128906
100.0
100.0
100.0
100.0
100.0
100.0
100.0
100.0
100.0
100.0
100.0
100.0
100.0
98.10163879394531
99.97254943847656
100.0
100.0
100.0
100.0
100.0
100.0
100.0
100.0
100.0
100.0
99.69808959960938
100.0
100.0
100.0
100.0
100.0
100.0
100.0
100.0
100.0
100.0
100.0
100.0
100.0
