77.1648178100586
82.08224487304688
85.362060546875
86.80298614501953
91.45967864990234
93.59590148925781
90.47618865966797
95.21979522705078
97.40634155273438
97.28282928466797
97.47038269042969
97.19591522216797
98.79694366455078
97.92781829833984
98.54078674316406
96.41371154785156
97.86834716796875
97.26911163330078
98.9250259399414
99.4007568359375
99.45108032226562
98.65056610107422
99.34129333496094
98.6963119506836
99.64320373535156
96.63784790039062
99.7392578125
95.88765716552734
99.65235137939453
99.6111831665039
99.9130859375
99.99542999267578
99.99085235595703
99.98170471191406
87.00882720947266
98.45844268798828
99.93595886230469
99.99542999267578
99.99085235595703
99.9496841430664
99.11714935302734
99.17204284667969
99.87649536132812
99.9496841430664
100.0
99.83074951171875
99.03023529052734
99.84904479980469
100.0
99.99542999267578
99.99542999267578
99.96797943115234
99.97712707519531
99.1994857788086
99.87191772460938
99.99542999267578
99.99542999267578
100.0
100.0
99.20863342285156
99.84904479980469
99.98170471191406
100.0
100.0
100.0
99.99542999267578
100.0
96.8985824584961
99.67064666748047
100.0
99.99085235595703
100.0
100.0
99.99542999267578
100.0
99.95883178710938
98.65056610107422
99.94510650634766
100.0
100.0
100.0
100.0
100.0
100.0
99.99085235595703
99.38246154785156
99.97254943847656
100.0
100.0
100.0
100.0
99.99085235595703
100.0
98.43099975585938
99.89479064941406
99.97712707519531
100.0
100.0
99.99542999267578
100.0
99.99542999267578
100.0
99.99085235595703
100.0
99.99085235595703
97.36974334716797
99.89021301269531
100.0
100.0
100.0
99.99542999267578
100.0
100.0
99.99542999267578
100.0
96.18498992919922
99.70723724365234
100.0
100.0
100.0
100.0
100.0
100.0
100.0
100.0
99.76670837402344
99.98628234863281
100.0
100.0
100.0
100.0
100.0
100.0
99.99542999267578
99.98170471191406
99.97712707519531
99.99085235595703
99.97254943847656
99.30927276611328
99.90851593017578
99.99085235595703
100.0
99.99542999267578
100.0
100.0
100.0
100.0
100.0
100.0
99.70266723632812
99.98628234863281
100.0
100.0
100.0
100.0
100.0
100.0
99.98628234863281
100.0
100.0
100.0
99.99085235595703
98.98906707763672
99.99085235595703
100.0
100.0
100.0
100.0
100.0
100.0
100.0
100.0
99.99085235595703
98.0970687866211
99.92223358154297
99.99542999267578
100.0
100.0
100.0
100.0
100.0
100.0
100.0
100.0
98.57279968261719
99.87649536132812
100.0
100.0
100.0
100.0
100.0
100.0
99.99542999267578
100.0
100.0
99.77128601074219
99.03939056396484
99.99542999267578
100.0
100.0
100.0
100.0
99.99542999267578
99.99542999267578
99.99542999267578
100.0
100.0
100.0
100.0
100.0
98.81981658935547
99.9634017944336
100.0
100.0
100.0
100.0
100.0
100.0
100.0
99.99542999267578
99.99085235595703
99.99542999267578
98.38067626953125
99.97254943847656
100.0
100.0
100.0
100.0
100.0
99.99085235595703
100.0
100.0
99.99542999267578
99.99085235595703
100.0
98.57279968261719
99.41448211669922
99.99085235595703
100.0
100.0
100.0
100.0
100.0
100.0
100.0
100.0
97.92781829833984
99.33671569824219
100.0
100.0
100.0
100.0
100.0
100.0
100.0
100.0
100.0
100.0
99.7209701538086
99.88106536865234
100.0
100.0
100.0
100.0
100.0
100.0
100.0
100.0
99.99542999267578
100.0
93.49983978271484
99.97254943847656
100.0
100.0
100.0
100.0
100.0
100.0
100.0
100.0
100.0
100.0
100.0
99.97712707519531
99.69808959960938
99.95426177978516
100.0
100.0
100.0
100.0
100.0
100.0
100.0
100.0
100.0
100.0
99.99085235595703
99.78958129882812
99.99085235595703
100.0
100.0
100.0
100.0
100.0
100.0
100.0
100.0
100.0
99.99542999267578
100.0
98.59110260009766
99.97712707519531
100.0
100.0
100.0
100.0
100.0
100.0
100.0
100.0
100.0
100.0
100.0
97.7585678100586
99.9634017944336
100.0
100.0
100.0
100.0
100.0
100.0
100.0
99.99542999267578
100.0
99.98628234863281
99.8627700805664
99.4876708984375
99.99542999267578
100.0
100.0
100.0
100.0
100.0
100.0
100.0
100.0
100.0
99.60660552978516
99.8856430053711
100.0
100.0
100.0
100.0
100.0
100.0
100.0
100.0
100.0
99.99542999267578
100.0
98.76492309570312
99.88106536865234
100.0
100.0
100.0
100.0
100.0
100.0
100.0
100.0
99.99085235595703
99.99542999267578
99.99542999267578
100.0
100.0
100.0
100.0
100.0
98.32121276855469
99.1766128540039
99.97254943847656
100.0
100.0
100.0
100.0
100.0
100.0
100.0
100.0
100.0
100.0
100.0
99.99542999267578
97.25081634521484
99.85362243652344
99.99085235595703
100.0
100.0
100.0
100.0
