80.60930633544922
84.25506591796875
86.88075256347656
88.504638671875
90.81926727294922
94.30492401123047
94.37811279296875
95.97914123535156
97.83175659179688
94.8858642578125
98.06047058105469
98.17940521240234
98.85641479492188
99.41905975341797
99.1994857788086
98.92960357666016
99.36873626708984
99.30012512207031
99.26353454589844
98.6002426147461
99.826171875
99.8353271484375
99.6614990234375
97.2462387084961
99.83074951171875
99.25895690917969
98.975341796875
96.88028717041016
99.24065399169922
99.83989715576172
99.19491577148438
99.99085235595703
99.86734008789062
97.9323959350586
99.9634017944336
99.96797943115234
99.99542999267578
100.0
100.0
99.93138122558594
95.7961654663086
98.28919219970703
99.90393829345703
99.92223358154297
100.0
100.0
100.0
99.9496841430664
99.33213806152344
99.98170471191406
99.99542999267578
100.0
100.0
99.99542999267578
98.975341796875
99.31842041015625
99.97712707519531
100.0
100.0
100.0
100.0
99.99542999267578
99.97254943847656
98.45844268798828
99.7209701538086
99.67521667480469
99.9634017944336
100.0
100.0
100.0
100.0
100.0
99.99085235595703
99.83989715576172
96.10264587402344
99.87649536132812
99.95883178710938
100.0
100.0
100.0
