79.232421875
83.36763763427734
82.0730972290039
88.91633605957031
89.89981842041016
65.43616485595703
81.6705551147461
95.1191635131836
96.7201919555664
95.23809814453125
98.6963119506836
98.5224838256836
97.02667236328125
98.70545959472656
97.41548919677734
97.51612854003906
98.00558471679688
99.44192504882812
98.12908935546875
99.29096984863281
99.58831024169922
98.4996109008789
99.36873626708984
99.64320373535156
99.1857681274414
99.9634017944336
99.47394561767578
99.9130859375
95.18777465820312
97.79973602294922
99.89936065673828
99.77128601074219
99.99542999267578
99.99542999267578
98.51790618896484
96.86199188232422
99.87649536132812
99.98170471191406
99.98628234863281
99.99542999267578
99.98170471191406
99.97254943847656
98.74205017089844
99.38703918457031
99.98628234863281
100.0
100.0
100.0
99.99542999267578
99.92223358154297
98.10163879394531
99.81702423095703
100.0
100.0
100.0
100.0
92.71762084960938
99.52884674072266
99.97254943847656
100.0
100.0
100.0
99.98628234863281
99.83989715576172
99.10342407226562
99.95883178710938
100.0
100.0
100.0
100.0
99.99542999267578
97.39261627197266
99.76213836669922
100.0
100.0
100.0
100.0
100.0
99.99542999267578
98.89300537109375
