78.72924041748047
81.99533081054688
83.0977554321289
80.80599975585938
88.3902816772461
86.38671875
88.0609359741211
95.21522521972656
95.66351318359375
97.45665740966797
97.40177154541016
98.65971374511719
97.9323959350586
98.11536407470703
97.9232406616211
98.87470245361328
96.23530578613281
98.71002960205078
99.05767822265625
97.37889099121094
99.07598114013672
99.65692138671875
97.46580505371094
97.98271179199219
99.58373260498047
99.92223358154297
98.7237548828125
99.69351959228516
99.6614990234375
99.90851593017578
99.99542999267578
99.98170471191406
93.6782455444336
98.6368408203125
99.93595886230469
99.99542999267578
100.0
99.99542999267578
99.9496841430664
99.4876708984375
99.52884674072266
99.98628234863281
99.98628234863281
100.0
100.0
99.99085235595703
96.7110366821289
99.46479797363281
99.98628234863281
100.0
100.0
100.0
99.9405288696289
99.95883178710938
97.44293975830078
99.1217269897461
99.69808959960938
100.0
100.0
100.0
100.0
99.99542999267578
99.99542999267578
99.87649536132812
99.57916259765625
99.98628234863281
100.0
99.99542999267578
100.0
100.0
99.99542999267578
99.99542999267578
97.15017700195312
99.92681121826172
99.99085235595703
100.0
99.99542999267578
99.99542999267578
100.0
100.0
98.51790618896484
99.87649536132812
100.0
100.0
100.0
100.0
99.99542999267578
100.0
100.0
99.99542999267578
99.50596618652344
99.99542999267578
100.0
100.0
100.0
100.0
100.0
88.90718841552734
99.85819244384766
100.0
