81.16040802001953
83.84528350830078
86.95677185058594
87.70193481445312
89.71559143066406
94.26052856445312
94.19226837158203
97.2639389038086
97.2525634765625
94.44254302978516
97.65642547607422
99.07849884033203
99.56769561767578
99.36290740966797
99.51649475097656
99.36859893798828
98.82252502441406
98.36746215820312
98.37315368652344
98.96472930908203
99.89761352539062
99.67576599121094
96.02957916259766
98.4584732055664
98.95335388183594
99.97724914550781
99.9886245727539
99.9886245727539
94.2036361694336
96.88282012939453
99.84642028808594
99.94880676269531
100.0
100.0
99.99431610107422
99.99431610107422
99.9886245727539
97.946533203125
99.16950988769531
99.97724914550781
100.0
100.0
100.0
99.97724914550781
97.1217269897461
99.86347961425781
99.97724914550781
100.0
100.0
99.99431610107422
100.0
100.0
99.9544906616211
99.51649475097656
98.98748779296875
99.93742370605469
100.0
100.0
100.0
100.0
99.9886245727539
96.47895050048828
99.9544906616211
100.0
100.0
99.99431610107422
100.0
100.0
99.19795227050781
99.3515396118164
99.9715576171875
100.0
100.0
100.0
100.0
100.0
99.99431610107422
97.88395690917969
99.94880676269531
99.9317398071289
100.0
100.0
100.0
100.0
100.0
100.0
100.0
100.0
100.0
99.9032974243164
99.99431610107422
100.0
100.0
100.0
100.0
100.0
99.99431610107422
99.99431610107422
99.99431610107422
98.25370025634766
