79.84996032714844
82.66319274902344
83.14349365234375
86.49192810058594
90.82383728027344
90.69575500488281
85.30716705322266
89.9821548461914
93.14761352539062
91.28585052490234
97.79973602294922
98.17483520507812
95.72297668457031
95.64978790283203
96.71561431884766
99.21321105957031
97.9323959350586
98.4355697631836
98.8975830078125
98.92960357666016
98.85641479492188
99.43277740478516
99.50596618652344
99.51054382324219
98.21600341796875
95.78244018554688
98.95246887207031
99.79415893554688
99.53799438476562
97.41091918945312
99.7392578125
99.7987289428711
99.90851593017578
99.89021301269531
99.10342407226562
99.89479064941406
99.98170471191406
99.98628234863281
99.97254943847656
97.5938949584961
96.80252838134766
99.96797943115234
99.99085235595703
99.99085235595703
99.98170471191406
99.19491577148438
99.9634017944336
99.99542999267578
100.0
99.99542999267578
97.0495376586914
99.93595886230469
99.9130859375
100.0
100.0
99.99542999267578
100.0
98.8472671508789
99.81245422363281
99.98170471191406
100.0
100.0
99.97712707519531
100.0
98.98906707763672
100.0
100.0
100.0
100.0
100.0
99.95426177978516
99.68437194824219
99.99542999267578
100.0
100.0
100.0
100.0
92.5941162109375
98.88843536376953
100.0
100.0
100.0
100.0
100.0
100.0
99.99542999267578
99.43277740478516
99.99085235595703
100.0
100.0
100.0
100.0
100.0
98.84268951416016
99.80787658691406
100.0
100.0
100.0
100.0
100.0
100.0
99.98628234863281
90.65001678466797
99.92681121826172
99.99542999267578
100.0
100.0
100.0
100.0
100.0
99.9634017944336
98.40812683105469
99.87649536132812
100.0
100.0
100.0
100.0
100.0
100.0
99.99542999267578
98.33950805664062
99.81245422363281
99.96797943115234
99.99542999267578
100.0
100.0
99.99542999267578
100.0
100.0
99.95883178710938
99.9496841430664
99.87191772460938
99.99085235595703
100.0
100.0
100.0
100.0
100.0
100.0
100.0
98.81981658935547
99.95426177978516
99.99085235595703
100.0
100.0
100.0
100.0
100.0
100.0
99.78958129882812
