80.52474975585938
84.03163146972656
87.91846466064453
89.02238464355469
91.50236511230469
95.05545806884766
96.50338745117188
97.22735595703125
95.45594787597656
96.55986785888672
97.46353912353516
97.48921966552734
98.76771545410156
99.07579040527344
98.37236022949219
99.59950256347656
99.3222427368164
99.4865493774414
99.7330093383789
99.70732879638672
99.79975128173828
99.88190460205078
98.82418823242188
98.81906127929688
98.66502380371094
99.96919250488281
99.99486541748047
99.95378875732422
99.96405792236328
96.03614807128906
99.92811584472656
99.9845962524414
99.98973083496094
99.9845962524414
95.62538146972656
98.38262176513672
99.96405792236328
99.9845962524414
100.0
100.0
100.0
99.97946166992188
99.62518310546875
98.79852294921875
99.96405792236328
100.0
100.0
100.0
100.0
99.99486541748047
99.90757751464844
98.02320861816406
99.66112518310547
100.0
99.99486541748047
100.0
100.0
100.0
100.0
99.66625213623047
99.99486541748047
100.0
100.0
100.0
99.99486541748047
100.0
99.16820526123047
99.97946166992188
100.0
100.0
100.0
100.0
99.99486541748047
99.98973083496094
99.98973083496094
99.91271209716797
99.1836166381836
99.96405792236328
99.98973083496094
100.0
100.0
100.0
100.0
98.52125549316406
99.98973083496094
100.0
100.0
100.0
100.0
100.0
100.0
99.27603149414062
99.45573425292969
99.87163543701172
100.0
100.0
100.0
100.0
100.0
100.0
