76.33360290527344
81.36424255371094
83.62376403808594
87.22088623046875
89.443115234375
91.7186279296875
93.36530303955078
93.4026107788086
96.21636199951172
97.25553131103516
97.99626922607422
99.37117004394531
97.92699432373047
97.37277221679688
99.2592544555664
99.31787872314453
99.01944732666016
99.43511962890625
99.04076385498047
99.50972747802734
99.55768585205078
99.72288513183594
99.84012603759766
99.9040756225586
99.18997955322266
99.87742614746094
99.74420928955078
99.94670867919922
98.33732604980469
99.9253921508789
99.93072509765625
99.95203399658203
99.94137573242188
99.93072509765625
99.96802520751953
99.94670867919922
99.93605041503906
99.96269989013672
99.97335815429688
95.56088256835938
99.93072509765625
99.98934173583984
99.97868347167969
99.97868347167969
99.97335815429688
99.98401641845703
99.97868347167969
99.97868347167969
99.97335815429688
98.25206756591797
99.97868347167969
99.98934173583984
99.99467468261719
100.0
100.0
100.0
100.0
99.98934173583984
99.84012603759766
99.98934173583984
99.98934173583984
100.0
100.0
99.76551818847656
99.99467468261719
100.0
100.0
99.99467468261719
99.98934173583984
99.98934173583984
99.99467468261719
100.0
100.0
100.0
99.90940856933594
100.0
99.99467468261719
99.62696075439453
99.97335815429688
100.0
100.0
100.0
100.0
100.0
100.0
100.0
100.0
100.0
99.99467468261719
100.0
99.99467468261719
100.0
97.68718719482422
99.95203399658203
100.0
100.0
100.0
100.0
100.0
100.0
