80.15913391113281
83.70559692382812
86.33702850341797
89.86643981933594
91.76470947265625
92.84455871582031
94.15174865722656
93.4811019897461
93.60044860839844
97.18669891357422
98.7098617553711
93.56635284423828
98.78374481201172
99.31230163574219
98.59050750732422
99.79539489746094
97.1923828125
99.4202880859375
99.48848724365234
99.69877624511719
99.69877624511719
99.58511352539062
99.44302368164062
99.55101013183594
99.59078979492188
99.94316864013672
99.9715805053711
99.97726440429688
99.98863220214844
99.98863220214844
96.43080139160156
97.53339385986328
98.88604736328125
100.0
99.99431610107422
100.0
99.99431610107422
99.99431610107422
99.98863220214844
98.02216339111328
99.35777282714844
99.86927795410156
100.0
99.98863220214844
99.99431610107422
99.99431610107422
99.98863220214844
96.5615234375
99.88064575195312
99.99431610107422
100.0
100.0
100.0
100.0
99.99431610107422
99.98863220214844
99.96589660644531
98.11878204345703
99.32366943359375
100.0
100.0
100.0
100.0
100.0
99.99431610107422
100.0
100.0
100.0
99.29524993896484
99.6646728515625
100.0
100.0
100.0
100.0
100.0
99.98863220214844
99.99431610107422
99.99431610107422
100.0
100.0
99.96589660644531
98.57914733886719
98.92015075683594
99.96589660644531
100.0
100.0
100.0
100.0
100.0
100.0
100.0
100.0
99.98294830322266
100.0
99.41460418701172
99.98294830322266
100.0
100.0
100.0
100.0
