77.14651489257812
81.02557373046875
83.07488250732422
85.26599884033203
87.23297119140625
87.31988525390625
93.10186767578125
94.84012603759766
95.31586456298828
95.2335205078125
80.75110626220703
97.58016204833984
96.83911895751953
97.21879577636719
98.02845001220703
96.33594512939453
99.30012512207031
97.37889099121094
99.30470275878906
99.30470275878906
99.30927276611328
98.44471740722656
99.34129333496094
99.41905975341797
98.00100708007812
97.68994903564453
99.64320373535156
99.29096984863281
98.47673797607422
99.46479797363281
99.09427642822266
98.99822235107422
99.69808959960938
99.69351959228516
99.4602279663086
99.38703918457031
99.80330657958984
99.08970642089844
98.58195495605469
99.8627700805664
99.72554016113281
99.59745788574219
96.09349822998047
99.54713439941406
99.13087463378906
99.90851593017578
99.89479064941406
93.4541015625
98.60482025146484
99.00279235839844
99.87649536132812
99.92223358154297
99.94510650634766
99.85819244384766
98.06961822509766
99.51969146728516
98.77864837646484
99.67979431152344
99.91766357421875
99.90393829345703
98.84268951416016
99.12629699707031
99.67979431152344
99.93138122558594
99.89936065673828
99.93138122558594
99.89021301269531
99.062255859375
98.51333618164062
99.13544464111328
99.8856430053711
99.9496841430664
99.95883178710938
99.9405288696289
97.40177154541016
96.50518798828125
99.22693634033203
99.8353271484375
99.85819244384766
99.81702423095703
99.90851593017578
99.92223358154297
99.90851593017578
98.14738464355469
96.3725357055664
99.60203552246094
99.90393829345703
99.92223358154297
99.59288024902344
99.6889419555664
99.89021301269531
99.8856430053711
99.6249008178711
99.77128601074219
99.93595886230469
99.92223358154297
99.92681121826172
99.9130859375
92.61698913574219
98.47673797607422
