80.77120971679688
83.71842193603516
86.1111068725586
88.45758819580078
89.13021087646484
93.57671356201172
92.22119140625
96.65229034423828
94.64982604980469
95.46621704101562
96.64715576171875
97.37112426757812
98.46477508544922
99.02957916259766
97.25816345214844
99.75868225097656
98.23372650146484
98.28506469726562
99.77407836914062
99.77407836914062
99.90757751464844
98.57260131835938
97.67919921875
98.90121459960938
99.87677001953125
99.97946166992188
99.1579360961914
99.17333984375
98.14130401611328
99.14767456054688
99.98973083496094
99.99486541748047
100.0
99.95378875732422
99.95378875732422
98.98336791992188
99.99486541748047
100.0
100.0
100.0
100.0
100.0
92.00554656982422
99.8202896118164
99.99486541748047
100.0
99.99486541748047
100.0
99.99486541748047
99.98973083496094
99.96919250488281
99.02957916259766
99.54816436767578
99.99486541748047
100.0
100.0
100.0
100.0
100.0
98.83445739746094
99.95892333984375
99.99486541748047
100.0
100.0
100.0
100.0
99.99486541748047
99.99486541748047
100.0
97.20681762695312
99.95378875732422
100.0
100.0
100.0
100.0
99.99486541748047
99.9845962524414
98.89607238769531
99.96919250488281
100.0
100.0
100.0
100.0
100.0
100.0
100.0
99.43006896972656
99.98973083496094
100.0
100.0
100.0
100.0
100.0
100.0
99.94865417480469
99.85623168945312
100.0
100.0
100.0
100.0
80.43974304199219
84.07256317138672
87.6436538696289
81.13780975341797
92.76759338378906
94.34894561767578
94.3251953125
95.5361328125
90.54991149902344
97.69683837890625
98.17646789550781
91.0390396118164
96.89429473876953
96.06800079345703
99.1357192993164
98.59910583496094
99.49188232421875
99.63909149169922
97.23145294189453
99.8052978515625
99.62959289550781
99.3304214477539
99.91927337646484
99.43964385986328
99.2259521484375
99.89077758789062
99.96675872802734
99.97625732421875
99.99524688720703
99.1167221069336
99.45388793945312
99.82904052734375
99.97625732421875
99.98575592041016
99.97625732421875
99.97151184082031
99.95726013183594
99.97625732421875
97.90103149414062
98.77481079101562
100.0
100.0
100.0
100.0
99.9905014038086
99.24968719482422
99.7957992553711
99.97151184082031
100.0
100.0
100.0
99.99524688720703
96.72333526611328
99.85753631591797
99.98575592041016
100.0
99.99524688720703
100.0
99.99524688720703
100.0
95.00902557373047
99.94776153564453
99.99524688720703
100.0
99.99524688720703
100.0
99.99524688720703
99.99524688720703
99.98100280761719
100.0
99.97625732421875
81.85012817382812
99.95726013183594
99.97625732421875
100.0
100.0
100.0
100.0
99.99524688720703
99.89552307128906
99.81954956054688
100.0
100.0
100.0
100.0
100.0
99.85279083251953
99.98100280761719
99.99524688720703
99.99524688720703
98.44239807128906
97.49738311767578
100.0
100.0
100.0
100.0
100.0
100.0
100.0
99.99524688720703
