80.3996810913086
84.00212860107422
88.8355941772461
90.56221771240234
93.15747833251953
96.86650848388672
96.67999267578125
98.53983306884766
99.15800476074219
98.47588348388672
99.01944732666016
99.76019287109375
99.83480072021484
99.80815124511719
99.64295196533203
99.30722045898438
99.96269989013672
99.80815124511719
99.97868347167969
99.96269989013672
99.86144256591797
99.18464660644531
99.78683471679688
99.21662902832031
99.99467468261719
99.98934173583984
99.98934173583984
99.99467468261719
99.97335815429688
99.6749267578125
99.69091796875
99.97335815429688
99.99467468261719
100.0
100.0
100.0
100.0
97.79376220703125
99.80815124511719
99.98401641845703
99.99467468261719
99.99467468261719
99.99467468261719
99.99467468261719
100.0
100.0
99.99467468261719
99.98934173583984
100.0
100.0
99.98934173583984
99.98401641845703
99.42979431152344
99.57901000976562
99.93072509765625
100.0
100.0
100.0
100.0
100.0
100.0
100.0
100.0
100.0
100.0
100.0
100.0
100.0
99.99467468261719
96.30162811279297
99.72821807861328
99.98401641845703
100.0
100.0
100.0
100.0
100.0
100.0
100.0
100.0
100.0
99.98934173583984
100.0
100.0
100.0
100.0
100.0
100.0
100.0
99.98934173583984
99.41912841796875
99.98401641845703
100.0
100.0
100.0
100.0
100.0
100.0
100.0
99.99467468261719
