76.52169799804688
83.28536224365234
84.2767333984375
87.33078002929688
90.42745971679688
93.6627197265625
90.93379974365234
96.57819366455078
98.4223403930664
99.01929473876953
99.19518280029297
99.3230972290039
98.82209014892578
99.71218872070312
99.71751403808594
99.86141967773438
99.88807678222656
99.76014709472656
98.05457305908203
99.62690734863281
99.23249053955078
99.94137573242188
99.94670104980469
99.77081298828125
99.87208557128906
99.94670104980469
99.9840087890625
99.94670104980469
99.96269226074219
99.97867584228516
99.85076141357422
99.24314880371094
99.89340209960938
99.98934173583984
99.9840087890625
99.98934173583984
99.98934173583984
99.98934173583984
99.97867584228516
100.0
99.94137573242188
95.78936004638672
99.75482177734375
99.96269226074219
99.99467468261719
99.99467468261719
99.99467468261719
100.0
99.99467468261719
100.0
99.97867584228516
99.9840087890625
97.35102844238281
98.49163055419922
99.99467468261719
100.0
99.99467468261719
99.99467468261719
99.99467468261719
99.9840087890625
96.47692108154297
99.98934173583984
100.0
100.0
100.0
100.0
100.0
100.0
100.0
100.0
99.98934173583984
99.99467468261719
100.0
100.0
100.0
100.0
100.0
100.0
100.0
100.0
99.98934173583984
100.0
100.0
100.0
100.0
100.0
100.0
100.0
100.0
99.99467468261719
100.0
100.0
99.7441635131836
100.0
100.0
100.0
99.99467468261719
99.99467468261719
100.0
100.0
