100.0
100.0
100.0
100.0
97.59846496582031
98.94332122802734
99.95426177978516
100.0
100.0
100.0
100.0
100.0
100.0
100.0
100.0
100.0
100.0
100.0
98.61854553222656
99.97254943847656
100.0
100.0
100.0
100.0
100.0
100.0
100.0
100.0
99.95426177978516
99.93138122558594
100.0
100.0
100.0
100.0
100.0
100.0
100.0
100.0
100.0
100.0
98.96619415283203
99.99085235595703
100.0
100.0
100.0
100.0
100.0
100.0
100.0
100.0
100.0
100.0
99.93138122558594
99.99085235595703
100.0
100.0
100.0
100.0
100.0
100.0
100.0
99.99542999267578
99.99542999267578
99.99542999267578
97.41091918945312
99.8353271484375
99.97254943847656
99.99542999267578
100.0
100.0
100.0
100.0
100.0
100.0
100.0
100.0
100.0
100.0
99.99542999267578
100.0
99.46479797363281
99.63862609863281
99.9634017944336
100.0
100.0
100.0
100.0
100.0
100.0
100.0
100.0
100.0
100.0
99.99085235595703
99.62947845458984
99.86734008789062
100.0
100.0
100.0
100.0
