80.170166015625
82.18745422363281
85.1104736328125
88.32167053222656
87.237548828125
93.6690902709961
92.28306579589844
96.07520294189453
95.78701782226562
96.31764221191406
96.93060302734375
98.61396789550781
96.92603302001953
98.76034545898438
99.08055877685547
99.39618682861328
98.53163146972656
99.3504409790039
99.56543731689453
98.35323333740234
99.0714111328125
99.84447479248047
98.79694366455078
97.7860107421875
99.69351959228516
99.78042602539062
99.96797943115234
99.97254943847656
99.149169921875
99.40990447998047
98.9478988647461
99.76670837402344
99.99542999267578
99.91766357421875
99.99085235595703
99.75756072998047
96.86656951904297
99.73011016845703
99.9496841430664
99.99542999267578
100.0
100.0
99.98628234863281
97.46122741699219
99.65235137939453
99.97254943847656
100.0
99.99085235595703
99.99542999267578
100.0
88.20731353759766
99.55628204345703
99.98170471191406
99.99542999267578
99.99542999267578
100.0
100.0
99.99542999267578
99.96797943115234
99.20406341552734
99.68437194824219
99.92681121826172
100.0
100.0
100.0
100.0
99.98170471191406
99.06683349609375
97.11815643310547
99.80787658691406
99.99542999267578
99.99542999267578
99.99542999267578
99.99085235595703
100.0
100.0
100.0
99.99085235595703
97.70367431640625
98.31206512451172
