78.80242919921875
81.63853454589844
84.49293518066406
87.7132797241211
89.703125
93.57760620117188
92.02689361572266
93.38090515136719
93.09729766845703
93.3305892944336
96.06147766113281
97.79515838623047
91.29499816894531
88.2256088256836
95.3204345703125
99.1857681274414
97.93696594238281
95.62691497802734
99.6249008178711
98.9478988647461
97.63506317138672
99.1217269897461
99.67979431152344
99.30470275878906
99.91766357421875
99.9130859375
91.61062622070312
99.29096984863281
99.99085235595703
99.75756072998047
99.58831024169922
98.87470245361328
99.9634017944336
99.98170471191406
99.81702423095703
99.98170471191406
96.70645904541016
99.89479064941406
99.93138122558594
99.97712707519531
99.99542999267578
99.98628234863281
96.66986846923828
99.75298309326172
99.48309326171875
99.97712707519531
99.99542999267578
99.92223358154297
99.99085235595703
98.98906707763672
99.6111831665039
99.99085235595703
100.0
100.0
100.0
99.97712707519531
99.99085235595703
99.97712707519531
99.40990447998047
98.88843536376953
99.98628234863281
100.0
100.0
100.0
100.0
100.0
100.0
97.47038269042969
99.98170471191406
99.99542999267578
100.0
100.0
100.0
100.0
97.80888366699219
99.99085235595703
100.0
100.0
100.0
99.99542999267578
