76.67662811279297
83.75186920166016
88.79920196533203
92.24713134765625
90.58296203613281
97.07025146484375
98.81912994384766
98.6696548461914
98.67463684082031
99.62631225585938
99.8355712890625
99.90532684326172
98.11659240722656
99.33731842041016
96.83109283447266
99.90034484863281
99.91529846191406
99.95516204833984
99.78575134277344
95.08221435546875
98.7693099975586
99.98505401611328
99.9950180053711
99.99003601074219
100.0
99.99003601074219
99.96511840820312
99.95516204833984
97.12007904052734
98.75435638427734
99.98505401611328
100.0
99.9950180053711
99.9950180053711
100.0
100.0
100.0
99.98505401611328
99.99003601074219
99.33731842041016
99.95018005371094
100.0
100.0
100.0
100.0
99.9950180053711
100.0
99.9950180053711
100.0
95.56552124023438
99.73094177246094
99.95516204833984
100.0
100.0
100.0
100.0
100.0
100.0
100.0
100.0
99.37718200683594
99.98007202148438
100.0
100.0
100.0
100.0
100.0
100.0
100.0
99.9950180053711
99.9950180053711
100.0
99.9950180053711
100.0
100.0
100.0
100.0
97.85749816894531
99.98007202148438
100.0
100.0
100.0
100.0
100.0
100.0
100.0
100.0
100.0
100.0
99.99003601074219
99.92526245117188
99.98007202148438
100.0
100.0
100.0
100.0
99.3472900390625
99.58145904541016
99.9950180053711
100.0
