81.5811996459961
82.8584976196289
86.93731689453125
89.40646362304688
90.66001892089844
92.46438598632812
91.47198486328125
93.66096496582031
96.05888366699219
97.3456802368164
95.95915985107422
93.06268310546875
96.5337142944336
98.11490631103516
98.96961212158203
98.66571044921875
97.8110122680664
96.57170104980469
99.4776840209961
99.82906341552734
99.7578353881836
99.5868911743164
99.93352508544922
99.95252227783203
94.6153793334961
99.00285339355469
99.905029296875
99.97625732421875
99.98575592041016
99.97151184082031
99.9905014038086
94.77682495117188
98.27635192871094
99.97625732421875
99.97151184082031
100.0
99.14530181884766
99.58214569091797
99.98575592041016
99.9905014038086
100.0
100.0
99.55365753173828
99.89078521728516
99.17378997802734
99.9145278930664
100.0
100.0
99.99524688720703
100.0
98.6087417602539
99.74358367919922
99.96676635742188
100.0
100.0
100.0
100.0
99.89078521728516
99.9905014038086
100.0
99.99524688720703
100.0
100.0
99.99524688720703
94.36846923828125
99.51567077636719
98.98385620117188
100.0
100.0
100.0
100.0
100.0
100.0
99.9905014038086
99.99524688720703
100.0
100.0
99.9145278930664
99.95726013183594
99.99524688720703
100.0
100.0
100.0
99.99524688720703
100.0
99.9905014038086
100.0
100.0
99.91928100585938
99.60588836669922
99.99524688720703
100.0
100.0
100.0
100.0
100.0
100.0
99.9905014038086
97.75878143310547
99.93352508544922
