80.3943099975586
83.25785064697266
86.02076721191406
89.45153045654297
86.44160461425781
93.65994262695312
90.9519271850586
97.06326293945312
97.96898651123047
98.7237548828125
91.38648223876953
97.00379943847656
98.47673797607422
96.35881042480469
99.55628204345703
99.87191772460938
99.73011016845703
99.92223358154297
99.05767822265625
99.5745849609375
99.69808959960938
99.9496841430664
99.97254943847656
99.97712707519531
99.91766357421875
99.56085968017578
98.10621643066406
99.78500366210938
99.93138122558594
99.98170471191406
99.99085235595703
99.86734008789062
98.08334350585938
99.8856430053711
99.89936065673828
99.96797943115234
99.99085235595703
100.0
100.0
99.99542999267578
89.97300720214844
99.76670837402344
99.90851593017578
100.0
100.0
100.0
100.0
100.0
99.99542999267578
96.95805358886719
97.79973602294922
99.98170471191406
99.99542999267578
100.0
100.0
100.0
100.0
100.0
99.99542999267578
99.41448211669922
99.9405288696289
99.98628234863281
99.99542999267578
100.0
100.0
100.0
100.0
100.0
99.9130859375
99.5242691040039
99.95883178710938
100.0
99.99542999267578
100.0
100.0
100.0
100.0
100.0
99.99542999267578
98.27088928222656
99.74383544921875
100.0
100.0
100.0
100.0
100.0
100.0
100.0
100.0
100.0
100.0
100.0
99.99542999267578
99.99085235595703
97.79515838623047
99.90393829345703
100.0
100.0
100.0
100.0
