82.77824401855469
86.16990661621094
87.43061065673828
89.83911895751953
87.74578857421875
94.76902770996094
96.53777313232422
97.68087005615234
98.96039581298828
98.69225311279297
98.99331665039062
99.09680938720703
99.20030212402344
99.64248657226562
99.72245788574219
99.78831481933594
99.91532897949219
99.84947204589844
93.10377502441406
93.29663848876953
99.03565979003906
99.63777923583984
99.9717788696289
99.99059295654297
99.98588562011719
99.99059295654297
96.75416564941406
99.01213836669922
99.350830078125
99.96707153320312
99.99530029296875
100.0
96.87176513671875
98.70166778564453
99.9717788696289
99.96236419677734
100.0
100.0
99.99530029296875
100.0
100.0
96.46721649169922
98.90394592285156
99.87298583984375
100.0
100.0
100.0
100.0
100.0
100.0
100.0
100.0
100.0
97.19164276123047
99.81183624267578
99.99530029296875
100.0
100.0
100.0
100.0
100.0
100.0
99.99530029296875
100.0
100.0
98.63581085205078
99.99530029296875
99.99059295654297
99.98588562011719
100.0
100.0
100.0
100.0
100.0
100.0
100.0
100.0
100.0
99.75538635253906
99.7177505493164
99.99530029296875
100.0
100.0
100.0
100.0
100.0
100.0
100.0
100.0
100.0
99.99530029296875
99.99530029296875
99.1297378540039
100.0
100.0
100.0
100.0
100.0
100.0
100.0
