79.6303939819336
83.77018737792969
85.09217834472656
89.00782775878906
92.71305084228516
91.66094970703125
95.22894287109375
96.51433563232422
97.74942016601562
97.21421813964844
98.02845001220703
98.70088195800781
95.75499725341797
99.03023529052734
99.44192504882812
99.236083984375
99.78042602539062
99.8353271484375
99.41448211669922
97.72654724121094
98.28004455566406
99.58831024169922
99.8627700805664
99.95426177978516
99.9634017944336
99.97712707519531
96.60582733154297
99.03939056396484
99.74840545654297
99.80787658691406
99.99542999267578
99.99542999267578
99.98628234863281
99.98628234863281
99.98628234863281
95.84191131591797
99.51054382324219
99.86734008789062
99.93138122558594
100.0
100.0
100.0
100.0
100.0
99.98628234863281
98.98448944091797
99.55628204345703
99.97254943847656
99.99542999267578
100.0
100.0
99.99085235595703
97.75399017333984
99.78958129882812
99.95883178710938
100.0
100.0
100.0
100.0
100.0
100.0
100.0
97.47038269042969
99.96797943115234
96.39997863769531
100.0
100.0
100.0
100.0
100.0
100.0
99.63404846191406
99.4373550415039
99.496826171875
100.0
100.0
100.0
100.0
100.0
100.0
99.94510650634766
99.20863342285156
99.97254943847656
100.0
100.0
100.0
100.0
100.0
99.99542999267578
99.99085235595703
99.99542999267578
100.0
100.0
100.0
94.81268310546875
99.66606903076172
99.9405288696289
100.0
100.0
99.99085235595703
100.0
100.0
100.0
100.0
100.0
97.90494537353516
99.9130859375
100.0
100.0
100.0
100.0
100.0
100.0
100.0
99.99542999267578
99.99085235595703
97.62590789794922
99.9634017944336
100.0
100.0
100.0
100.0
100.0
100.0
100.0
100.0
100.0
99.99085235595703
99.95883178710938
99.81702423095703
99.99085235595703
99.99542999267578
100.0
100.0
100.0
100.0
100.0
100.0
100.0
99.99542999267578
99.87649536132812
99.70723724365234
99.9634017944336
100.0
100.0
100.0
100.0
100.0
100.0
100.0
