81.19482421875
84.46548461914062
87.84593200683594
87.70870208740234
92.58496856689453
95.22437286376953
96.68359375
96.92145538330078
98.06047058105469
98.77407836914062
96.78880310058594
98.14738464355469
98.23887634277344
99.15374755859375
99.49224853515625
99.51054382324219
99.16289520263672
99.56085968017578
98.70545959472656
99.32299041748047
99.30012512207031
99.9634017944336
99.95883178710938
99.98628234863281
99.97712707519531
99.33213806152344
99.22235870361328
99.92223358154297
99.98628234863281
100.0
100.0
100.0
98.8609848022461
99.78042602539062
99.98170471191406
99.99085235595703
100.0
100.0
100.0
97.447509765625
99.84904479980469
99.90851593017578
99.99542999267578
100.0
99.99085235595703
100.0
99.99085235595703
99.67521667480469
99.51969146728516
99.94510650634766
100.0
100.0
100.0
100.0
100.0
100.0
98.8106689453125
99.95426177978516
99.7392578125
100.0
100.0
100.0
100.0
99.9634017944336
99.6889419555664
99.75756072998047
99.98170471191406
100.0
100.0
100.0
100.0
99.99085235595703
96.51433563232422
99.92223358154297
100.0
100.0
100.0
100.0
100.0
100.0
99.99542999267578
99.90393829345703
99.79415893554688
99.99085235595703
100.0
100.0
100.0
100.0
100.0
100.0
100.0
100.0
98.03759765625
99.45108032226562
99.99542999267578
100.0
100.0
100.0
100.0
100.0
