79.36050415039062
83.70156860351562
85.64109802246094
88.03805541992188
89.02611541748047
90.49449157714844
95.49883270263672
94.37354278564453
96.54178619384766
98.55907440185547
88.7379379272461
98.27088928222656
98.65056610107422
94.68002319335938
99.42362976074219
98.3257827758789
99.19491577148438
95.7961654663086
99.54713439941406
99.00279235839844
99.81245422363281
99.9496841430664
99.95426177978516
99.8856430053711
95.15117645263672
99.36873626708984
99.73468780517578
99.97254943847656
99.99085235595703
99.9634017944336
99.97254943847656
99.31385040283203
99.74840545654297
99.95883178710938
99.99085235595703
99.98170471191406
99.98628234863281
100.0
99.99542999267578
99.8627700805664
98.96162414550781
99.91766357421875
99.99085235595703
99.97712707519531
100.0
100.0
99.99542999267578
100.0
99.37789154052734
94.71662139892578
99.8856430053711
99.60203552246094
99.99542999267578
99.99542999267578
100.0
100.0
99.92223358154297
99.99542999267578
99.96797943115234
96.76593017578125
99.72554016113281
99.98170471191406
100.0
100.0
100.0
99.83989715576172
100.0
93.60962677001953
99.57001495361328
99.98628234863281
100.0
100.0
100.0
100.0
100.0
100.0
100.0
98.60482025146484
99.99542999267578
100.0
