76.96354675292969
80.64590454101562
83.10232543945312
85.65939331054688
89.36004638671875
90.27949523925781
94.84469604492188
94.17684936523438
96.15753936767578
98.5499267578125
98.95246887207031
98.56822204589844
97.42920684814453
99.59288024902344
99.1994857788086
99.62033081054688
99.38246154785156
99.58831024169922
96.50518798828125
99.85819244384766
99.59288024902344
99.76213836669922
99.10342407226562
97.9872817993164
99.58373260498047
99.92223358154297
99.98628234863281
99.97254943847656
99.96797943115234
92.24646759033203
99.22693634033203
99.9634017944336
99.99542999267578
99.98628234863281
99.99085235595703
97.09070587158203
99.00736236572266
99.76213836669922
99.98628234863281
99.99542999267578
99.99085235595703
99.99085235595703
97.45665740966797
99.69351959228516
99.90393829345703
99.98628234863281
99.99085235595703
99.99085235595703
99.99085235595703
99.97712707519531
99.97254943847656
98.30290985107422
99.21321105957031
99.9405288696289
100.0
100.0
99.99542999267578
99.98628234863281
91.60148620605469
99.73011016845703
99.99542999267578
100.0
100.0
100.0
99.99542999267578
99.99085235595703
99.9634017944336
93.34431457519531
99.71639251708984
100.0
99.99542999267578
99.99085235595703
100.0
100.0
100.0
99.98170471191406
97.66708374023438
99.6614990234375
99.99085235595703
100.0
100.0
99.99542999267578
100.0
100.0
99.99085235595703
99.03939056396484
98.98906707763672
99.89021301269531
99.9405288696289
99.99542999267578
100.0
100.0
100.0
100.0
100.0
89.2777099609375
99.85362243652344
99.9405288696289
100.0
100.0
