78.9442367553711
81.26801300048828
86.29065704345703
88.0609359741211
91.39563751220703
92.57124328613281
95.22437286376953
94.57023620605469
97.06784057617188
96.20785522460938
96.01573181152344
98.38525390625
95.99286651611328
98.94332122802734
98.06047058105469
99.14459228515625
99.5151138305664
97.73111724853516
96.49604797363281
99.062255859375
99.71639251708984
99.76670837402344
99.36873626708984
99.1217269897461
99.78500366210938
99.78958129882812
99.90393829345703
99.96797943115234
99.98628234863281
99.97712707519531
99.83074951171875
99.41448211669922
96.99007415771484
99.9496841430664
99.96797943115234
99.99542999267578
99.99542999267578
99.99085235595703
98.77407836914062
99.9130859375
99.99542999267578
98.57279968261719
99.74383544921875
100.0
100.0
100.0
100.0
99.99085235595703
99.98628234863281
93.23909759521484
98.8609848022461
99.99542999267578
99.99542999267578
100.0
100.0
100.0
99.97254943847656
99.46937561035156
99.9496841430664
100.0
100.0
100.0
100.0
99.99542999267578
99.77128601074219
99.92681121826172
99.99542999267578
100.0
100.0
99.99542999267578
99.98628234863281
99.99085235595703
99.98628234863281
99.96797943115234
99.80330657958984
99.99542999267578
100.0
100.0
100.0
100.0
