81.9332504272461
84.99242401123047
89.12183380126953
91.51150512695312
93.5004653930664
97.24868774414062
97.62498474121094
98.43131256103516
98.91511535644531
99.37936401367188
99.36470794677734
99.8582763671875
99.71167755126953
97.04833221435547
98.7978286743164
99.66280364990234
99.94624328613281
99.96090698242188
99.98045349121094
96.55475616455078
99.33538818359375
99.98533630371094
99.98045349121094
99.97557067871094
99.98533630371094
99.98045349121094
96.09050750732422
99.47710418701172
99.97557067871094
100.0
100.0
100.0
99.99510955810547
99.90225982666016
99.45266723632812
99.24253845214844
100.0
100.0
100.0
99.99510955810547
100.0
100.0
99.97557067871094
99.50154113769531
99.92669677734375
99.98045349121094
99.99510955810547
100.0
100.0
100.0
97.34642791748047
99.99510955810547
100.0
100.0
99.99510955810547
99.99022674560547
100.0
100.0
100.0
99.21321105957031
99.99510955810547
100.0
100.0
100.0
100.0
100.0
100.0
100.0
100.0
100.0
99.99510955810547
99.8485107421875
99.99022674560547
100.0
100.0
100.0
100.0
100.0
99.99510955810547
99.99510955810547
100.0
99.99022674560547
98.59258270263672
99.90225982666016
99.62860107421875
99.98045349121094
99.91203308105469
100.0
100.0
100.0
100.0
100.0
99.99022674560547
99.62371063232422
99.99510955810547
100.0
100.0
100.0
100.0
100.0
