79.51603698730469
82.96510314941406
84.9366455078125
87.33818054199219
89.00782775878906
83.64210510253906
95.64978790283203
97.26453399658203
95.25639343261719
97.21421813964844
97.87749481201172
99.46937561035156
95.82361602783203
97.87749481201172
99.53799438476562
98.76950073242188
98.5865249633789
93.54558563232422
99.84447479248047
99.66606903076172
99.826171875
99.9130859375
99.95426177978516
99.55628204345703
98.87470245361328
99.78958129882812
99.95883178710938
99.97254943847656
99.96797943115234
99.97254943847656
99.9130859375
95.92882537841797
99.50139617919922
99.93595886230469
100.0
100.0
100.0
100.0
99.99085235595703
99.97712707519531
95.46224212646484
99.26353454589844
99.83074951171875
99.99085235595703
100.0
100.0
100.0
100.0
100.0
100.0
99.99542999267578
93.98014831542969
99.62033081054688
99.98170471191406
100.0
100.0
100.0
100.0
100.0
100.0
100.0
100.0
99.99542999267578
100.0
99.99085235595703
99.83074951171875
99.99085235595703
89.8403549194336
99.89936065673828
99.98628234863281
99.95883178710938
100.0
100.0
100.0
100.0
100.0
100.0
100.0
99.99542999267578
99.99542999267578
99.6889419555664
99.98628234863281
100.0
100.0
100.0
100.0
100.0
100.0
100.0
99.99542999267578
100.0
100.0
99.98628234863281
99.98628234863281
99.99085235595703
92.92346954345703
99.11257934570312
99.81702423095703
100.0
100.0
