81.76378631591797
83.67288970947266
85.75770568847656
87.6003189086914
75.4808349609375
95.5929183959961
96.02507019042969
95.76387786865234
94.11597442626953
98.5278091430664
97.6349868774414
96.86564636230469
98.83174133300781
98.33784484863281
99.17366790771484
98.58954620361328
99.48710632324219
99.49185180664062
98.86023712158203
98.70352172851562
99.800537109375
99.08344268798828
99.96200561523438
99.94300842285156
99.98100280761719
98.03390502929688
98.15737915039062
99.86702728271484
99.97150421142578
99.97625732421875
99.99524688720703
99.99524688720703
94.83782196044922
99.65807342529297
99.1689224243164
100.0
100.0
100.0
100.0
99.9905014038086
97.69197845458984
99.81478881835938
100.0
99.99524688720703
99.99524688720703
99.99524688720703
100.0
98.56105041503906
100.0
100.0
100.0
100.0
100.0
99.87178039550781
96.14855194091797
99.99524688720703
100.0
100.0
100.0
100.0
100.0
99.97625732421875
99.97625732421875
99.73405456542969
99.91451263427734
100.0
100.0
99.99524688720703
99.11668395996094
99.95726013183594
100.0
100.0
100.0
100.0
100.0
99.92401885986328
99.48710632324219
99.95250701904297
100.0
100.0
100.0
100.0
100.0
100.0
99.99524688720703
99.9905014038086
99.99524688720703
97.97217559814453
99.92876434326172
100.0
100.0
100.0
100.0
100.0
100.0
100.0
99.91926574707031
99.95250701904297
100.0
100.0
