81.11380004882812
83.6443099975586
84.01937103271484
87.78900909423828
92.98770141601562
84.70777893066406
95.69861602783203
96.87603759765625
97.50747680664062
95.81730651855469
94.80606079101562
98.20063781738281
96.07368469238281
99.20713806152344
99.05046844482422
98.5377197265625
99.71039581298828
99.59644317626953
99.63917541503906
97.63566589355469
99.42552947998047
99.50624084472656
98.82732391357422
99.92878723144531
99.97625732421875
99.98101043701172
99.93353271484375
99.13592529296875
99.46351623535156
99.94303131103516
99.9905014038086
99.97151184082031
99.98575592041016
99.99524688720703
98.9887466430664
99.6534194946289
100.0
99.95252227783203
99.99524688720703
99.99524688720703
100.0
99.9905014038086
99.98101043701172
99.26885986328125
99.76261901855469
99.99524688720703
100.0
100.0
100.0
100.0
95.37103271484375
99.96202087402344
100.0
100.0
100.0
100.0
100.0
99.98101043701172
100.0
99.75786590576172
99.44927215576172
99.99524688720703
99.99524688720703
100.0
100.0
99.99524688720703
98.98400115966797
98.7228775024414
99.98575592041016
100.0
100.0
100.0
100.0
100.0
100.0
100.0
99.98101043701172
99.99524688720703
100.0
99.9905014038086
100.0
100.0
100.0
100.0
100.0
100.0
95.73660278320312
99.97151184082031
99.93827819824219
100.0
100.0
100.0
100.0
100.0
100.0
99.95726776123047
96.25408935546875
99.8670654296875
100.0
100.0
