79.33763122558594
82.4985122680664
85.29801940917969
88.1661376953125
90.99309539794922
92.00860595703125
95.21522521972656
95.9471206665039
96.66072082519531
95.23809814453125
93.72856140136719
97.35144805908203
98.30290985107422
97.50697326660156
98.71002960205078
99.0348129272461
99.1857681274414
99.41905975341797
99.44192504882812
99.31842041015625
99.71639251708984
99.14459228515625
98.6368408203125
98.01473236083984
99.59745788574219
99.90851593017578
99.87191772460938
99.96797943115234
99.39160919189453
99.03939056396484
99.90851593017578
99.98170471191406
99.90851593017578
99.99085235595703
94.87671661376953
98.96619415283203
99.98170471191406
99.98170471191406
100.0
100.0
99.98170471191406
99.97254943847656
98.22057342529297
99.85819244384766
99.98628234863281
99.99542999267578
100.0
99.99542999267578
99.84447479248047
99.1217269897461
99.9634017944336
99.98628234863281
99.99542999267578
99.99542999267578
100.0
99.99085235595703
97.8729248046875
99.11714935302734
99.93138122558594
99.99085235595703
100.0
100.0
99.97712707519531
99.98170471191406
97.8729248046875
99.67979431152344
100.0
99.99542999267578
99.99542999267578
100.0
94.2957763671875
99.57916259765625
99.99542999267578
100.0
100.0
100.0
99.95883178710938
99.99542999267578
99.99542999267578
97.63048553466797
