81.21873474121094
81.25284576416016
87.03388214111328
75.34674835205078
91.81446075439453
93.4572525024414
94.4520263671875
96.09481811523438
97.3396987915039
98.3230972290039
98.90859985351562
98.51637268066406
99.09049224853516
99.05638885498047
99.22692108154297
98.976806640625
99.48271942138672
99.02227783203125
99.56230163574219
99.658935546875
99.8010482788086
99.68167877197266
99.94315338134766
99.64756774902344
98.6641616821289
99.17576599121094
99.43724060058594
99.99431610107422
99.99431610107422
100.0
100.0
100.0
96.64051818847656
98.97112274169922
99.15302276611328
99.99431610107422
100.0
100.0
100.0
99.98294830322266
99.960205078125
98.24352264404297
99.77262878417969
99.658935546875
100.0
99.99431610107422
100.0
100.0
100.0
99.99431610107422
94.96929931640625
99.78399658203125
99.95452880859375
100.0
100.0
100.0
100.0
100.0
99.99431610107422
99.8294677734375
99.06207275390625
99.98294830322266
100.0
100.0
100.0
100.0
100.0
100.0
99.98863220214844
95.51500701904297
99.8010482788086
100.0
100.0
100.0
100.0
100.0
100.0
100.0
99.99431610107422
99.07344055175781
99.85220336914062
99.99431610107422
100.0
100.0
100.0
100.0
100.0
99.98863220214844
100.0
100.0
99.99431610107422
99.19281768798828
99.98863220214844
99.99431610107422
100.0
100.0
100.0
100.0
100.0
99.960205078125
