81.81645202636719
85.79499816894531
87.35222625732422
90.82752227783203
87.26676940917969
95.73660278320312
95.76033782958984
98.138916015625
96.95674896240234
96.21611022949219
97.84931182861328
99.57745361328125
99.17865753173828
98.93177795410156
98.82257843017578
98.65641021728516
99.78160858154297
98.670654296875
99.00773620605469
99.51573944091797
96.86180114746094
99.81958770751953
99.42552947998047
98.60893249511719
99.89554595947266
99.88605499267578
99.98575592041016
100.0
99.79584503173828
97.84455871582031
99.49674987792969
99.99524688720703
99.98575592041016
100.0
100.0
100.0
98.90328979492188
99.83383178710938
99.9905014038086
100.0
99.9905014038086
99.99524688720703
99.99524688720703
99.99524688720703
98.8843002319336
99.97625732421875
99.72938537597656
99.15491485595703
100.0
100.0
100.0
99.73887634277344
99.01248931884766
99.99524688720703
100.0
100.0
100.0
100.0
99.2831039428711
99.8148422241211
100.0
100.0
100.0
100.0
100.0
100.0
100.0
99.99524688720703
98.63742065429688
99.65816497802734
100.0
100.0
100.0
100.0
100.0
100.0
99.99524688720703
99.92404174804688
99.99524688720703
100.0
100.0
100.0
100.0
100.0
94.84878540039062
99.99524688720703
100.0
100.0
100.0
100.0
100.0
99.99524688720703
99.99524688720703
99.82908630371094
99.84333038330078
100.0
100.0
100.0
100.0
100.0
