79.2049789428711
82.5076675415039
82.69063568115234
86.85330200195312
88.34453582763672
91.8302001953125
85.55876159667969
87.94200134277344
96.75220489501953
95.37532043457031
96.74762725830078
96.82539367675781
97.37432098388672
96.49147033691406
96.74762725830078
99.28182220458984
98.17483520507812
98.42184448242188
99.20406341552734
98.50875854492188
98.81524658203125
98.07876586914062
98.70545959472656
96.2215805053711
99.58831024169922
99.10800170898438
98.85183715820312
99.79415893554688
99.96797943115234
99.97254943847656
99.9496841430664
99.95883178710938
96.88943481445312
99.65692138671875
98.90673065185547
99.93138122558594
99.75298309326172
98.9478988647461
99.13087463378906
99.98628234863281
99.99542999267578
99.99085235595703
99.99542999267578
99.98628234863281
97.79058837890625
99.88106536865234
100.0
99.99542999267578
99.99542999267578
98.98448944091797
99.45565032958984
99.98170471191406
100.0
99.98628234863281
100.0
100.0
99.09427642822266
99.9405288696289
99.99542999267578
100.0
99.99542999267578
100.0
100.0
99.99542999267578
98.47673797607422
99.49224853515625
100.0
100.0
100.0
100.0
100.0
100.0
99.99085235595703
98.55907440185547
99.8856430053711
99.99542999267578
100.0
99.99542999267578
99.92681121826172
97.64420318603516
