79.21412658691406
82.72265625
85.83322143554688
88.16156005859375
91.88966369628906
92.56209564208984
85.33918762207031
95.93797302246094
97.60761260986328
98.2617416381836
97.25538635253906
99.08512878417969
98.70088195800781
99.10342407226562
99.46937561035156
99.76213836669922
98.74205017089844
98.33036041259766
99.74840545654297
99.93595886230469
99.51054382324219
99.76670837402344
99.92223358154297
99.18119049072266
99.44192504882812
99.82159423828125
99.96797943115234
99.98628234863281
99.98628234863281
99.98628234863281
99.99085235595703
98.96619415283203
99.79415893554688
99.99085235595703
100.0
100.0
100.0
99.99085235595703
100.0
99.99085235595703
99.9634017944336
99.27725219726562
98.8472671508789
99.71639251708984
99.97712707519531
99.99542999267578
99.99542999267578
99.99542999267578
100.0
100.0
100.0
99.97712707519531
100.0
92.27391815185547
99.24980163574219
99.99085235595703
99.99085235595703
100.0
100.0
100.0
99.99542999267578
99.98628234863281
100.0
99.99542999267578
99.99085235595703
99.75756072998047
99.6614990234375
99.99542999267578
99.99542999267578
99.99542999267578
100.0
100.0
100.0
100.0
100.0
100.0
100.0
100.0
99.99085235595703
100.0
100.0
98.31206512451172
99.85819244384766
100.0
100.0
100.0
100.0
100.0
100.0
100.0
100.0
100.0
100.0
100.0
100.0
100.0
99.99542999267578
99.99085235595703
99.99085235595703
98.4355697631836
