80.19761657714844
81.88555145263672
85.10132598876953
86.1762924194336
89.89524841308594
91.52371978759766
90.53108215332031
95.52627563476562
97.93696594238281
98.80609130859375
97.3971939086914
99.16746520996094
98.44929504394531
93.87036895751953
97.41091918945312
99.20863342285156
98.70545959472656
98.26631927490234
99.60203552246094
98.69173431396484
99.55171203613281
95.98828887939453
99.90393829345703
99.92681121826172
94.55194091796875
98.65514373779297
99.826171875
99.91766357421875
99.98628234863281
99.98170471191406
99.98170471191406
99.97712707519531
93.51355743408203
98.47216796875
99.93595886230469
99.9405288696289
99.97254943847656
100.0
100.0
99.99542999267578
99.84447479248047
97.52069854736328
99.93138122558594
99.99542999267578
100.0
100.0
100.0
100.0
99.88106536865234
97.59846496582031
99.94510650634766
99.99085235595703
100.0
100.0
100.0
100.0
100.0
99.97254943847656
97.64420318603516
99.97712707519531
100.0
100.0
99.99085235595703
100.0
99.99542999267578
97.31942749023438
99.89021301269531
99.99085235595703
100.0
100.0
100.0
100.0
99.99542999267578
100.0
98.91587829589844
99.30012512207031
99.99542999267578
100.0
100.0
100.0
