79.93687438964844
82.8370132446289
85.46269226074219
88.17986297607422
91.31787109375
93.95270538330078
96.11637115478516
97.16847229003906
96.94890594482422
98.14280700683594
98.52705383300781
98.80609130859375
99.1400146484375
95.31128692626953
98.06047058105469
97.91866302490234
97.99185943603516
99.22693634033203
98.33493041992188
99.75756072998047
96.36795806884766
99.57916259765625
99.78500366210938
99.9405288696289
99.98628234863281
99.76213836669922
97.53899383544922
99.78500366210938
99.9405288696289
99.97254943847656
99.99085235595703
99.98628234863281
93.26654815673828
99.062255859375
99.9634017944336
99.99085235595703
99.99542999267578
99.99542999267578
100.0
99.98628234863281
100.0
99.95426177978516
98.97991943359375
98.801513671875
99.92681121826172
99.98628234863281
99.99542999267578
99.99085235595703
99.99085235595703
99.61575317382812
99.96797943115234
99.74383544921875
100.0
100.0
100.0
100.0
100.0
68.3957748413086
99.12629699707031
99.95883178710938
99.99542999267578
100.0
100.0
99.99542999267578
99.03023529052734
98.44471740722656
98.86555480957031
100.0
100.0
100.0
100.0
100.0
100.0
99.76213836669922
99.99085235595703
100.0
100.0
100.0
100.0
100.0
