81.37577056884766
84.4739990234375
82.72065734863281
93.59434509277344
96.5780029296875
97.96772003173828
98.6003189086914
98.94401550292969
98.31141662597656
99.37239074707031
97.47957611083984
99.29268646240234
99.60649871826172
99.52181243896484
99.90037536621094
99.84558868408203
99.84060668945312
99.56664276123047
99.94023132324219
99.62641906738281
99.92030334472656
99.99004364013672
99.90535736083984
99.98505401611328
99.99004364013672
96.7822265625
99.93524169921875
99.99004364013672
99.9950180053711
99.9950180053711
99.98505401611328
99.01873016357422
99.99004364013672
99.9950180053711
99.9950180053711
99.9950180053711
100.0
100.0
100.0
100.0
99.9950180053711
97.63399505615234
99.7907943725586
99.98007202148438
100.0
100.0
100.0
100.0
99.9950180053711
99.9950180053711
99.9950180053711
99.9950180053711
100.0
98.87427520751953
99.99004364013672
100.0
100.0
100.0
99.9950180053711
100.0
100.0
100.0
100.0
100.0
99.9950180053711
99.99004364013672
99.9950180053711
100.0
99.0037841796875
100.0
100.0
100.0
100.0
100.0
100.0
100.0
100.0
100.0
97.12592315673828
99.88045501708984
100.0
100.0
100.0
100.0
100.0
100.0
100.0
100.0
100.0
100.0
99.9950180053711
100.0
100.0
100.0
99.69117736816406
99.96015167236328
100.0
100.0
100.0
100.0
