81.11078643798828
83.95858001708984
89.03379821777344
91.01211547851562
94.21649169921875
95.98475646972656
95.82356262207031
98.3733901977539
99.24775695800781
97.37201690673828
98.94490051269531
99.39429473876953
99.55060577392578
97.17174530029297
97.95330047607422
99.20378875732422
99.09143829345703
99.90718841552734
99.34056091308594
99.92184448242188
99.91696166992188
99.95603942871094
99.16471099853516
99.56526184082031
99.71179962158203
99.95603942871094
99.990234375
99.990234375
99.98534393310547
96.81027221679688
99.40406799316406
99.91696166992188
100.0
99.99510955810547
99.99510955810547
99.99510955810547
99.98534393310547
99.96580505371094
99.98534393310547
99.98534393310547
99.384521484375
99.72156524658203
100.0
100.0
100.0
100.0
100.0
100.0
99.98534393310547
100.0
100.0
99.3259048461914
100.0
100.0
100.0
100.0
100.0
100.0
100.0
100.0
100.0
100.0
99.99510955810547
100.0
99.99510955810547
99.99510955810547
94.83684539794922
99.84857177734375
99.990234375
99.98534393310547
100.0
100.0
100.0
100.0
100.0
100.0
100.0
99.99510955810547
99.99510955810547
99.990234375
100.0
99.99510955810547
100.0
99.99510955810547
95.12504577636719
99.92672729492188
99.95603942871094
100.0
100.0
100.0
100.0
100.0
100.0
99.99510955810547
95.15924072265625
99.35521697998047
100.0
100.0
100.0
100.0
80.33323669433594
85.40994262695312
88.41004180908203
93.38414764404297
89.8123779296875
95.98847198486328
96.12039184570312
96.31584167480469
98.55369567871094
99.2524185180664
98.86641693115234
99.62376403808594
99.83876037597656
99.80455780029297
99.13514709472656
98.92015838623047
99.55535888671875
99.91693115234375
99.97557067871094
99.97557067871094
99.95113372802734
96.68718719482422
99.1058349609375
99.77034759521484
99.94625091552734
99.95113372802734
99.99022674560547
99.99510955810547
99.99510955810547
100.0
99.98534393310547
98.49506378173828
99.47718048095703
99.98534393310547
99.99510955810547
99.98534393310547
100.0
99.99510955810547
100.0
100.0
99.99510955810547
99.8289794921875
99.65797424316406
99.94136810302734
100.0
100.0
100.0
100.0
100.0
100.0
99.99022674560547
100.0
99.99510955810547
96.19368743896484
99.68728637695312
99.98534393310547
100.0
100.0
100.0
100.0
100.0
99.99510955810547
100.0
99.99510955810547
99.99022674560547
99.99510955810547
98.56346893310547
100.0
100.0
100.0
100.0
100.0
100.0
100.0
100.0
100.0
99.19866943359375
99.87295532226562
100.0
100.0
100.0
100.0
100.0
100.0
100.0
99.99510955810547
100.0
99.99022674560547
99.76546478271484
99.02276611328125
99.98534393310547
100.0
100.0
100.0
100.0
100.0
100.0
100.0
100.0
100.0
