81.04398345947266
84.1122817993164
86.16889953613281
87.37056732177734
92.1297607421875
91.7212905883789
95.92476654052734
89.68367004394531
97.99563598632812
97.85314178466797
98.10012817382812
95.52578735351562
98.87432098388672
96.33323669433594
99.51553344726562
99.3587875366211
90.38187408447266
98.1523666381836
95.92951202392578
99.21630096435547
99.57252502441406
99.33029174804688
99.5915298461914
99.97150421142578
99.9572525024414
98.52759552001953
98.87432098388672
99.58203125
99.98574829101562
99.98574829101562
99.99524688720703
98.51334381103516
99.73402404785156
99.87650299072266
100.0
100.0
100.0
99.98100280761719
99.05956268310547
99.41578674316406
99.99524688720703
100.0
100.0
99.9905014038086
98.35660552978516
99.97625732421875
99.98574829101562
100.0
100.0
100.0
100.0
99.34928894042969
99.8337631225586
100.0
100.0
100.0
100.0
100.0
100.0
95.52578735351562
99.96200561523438
99.9905014038086
99.99524688720703
100.0
100.0
99.9382553100586
99.58203125
100.0
100.0
100.0
99.99524688720703
100.0
100.0
100.0
99.9905014038086
99.87175750732422
100.0
100.0
100.0
100.0
100.0
99.99524688720703
99.96675109863281
99.9905014038086
99.97150421142578
100.0
100.0
99.75776672363281
100.0
100.0
100.0
100.0
100.0
100.0
100.0
100.0
99.99524688720703
91.79253387451172
99.90975952148438
100.0
