79.16381072998047
81.78948974609375
82.80499267578125
87.0134048461914
89.47440338134766
91.93540954589844
95.59032440185547
97.21421813964844
98.33950805664062
98.44014739990234
98.24344635009766
98.63227081298828
98.44471740722656
99.47394561767578
99.30012512207031
99.86734008789062
91.07543182373047
96.23530578613281
99.78958129882812
99.90851593017578
99.9634017944336
99.91766357421875
99.95426177978516
98.59567260742188
97.41548919677734
99.68437194824219
99.84904479980469
99.98628234863281
99.99085235595703
99.98628234863281
99.99542999267578
99.96797943115234
99.98628234863281
99.20863342285156
99.83074951171875
99.9634017944336
99.99542999267578
99.99542999267578
99.99542999267578
100.0
100.0
99.99542999267578
96.92145538330078
99.19491577148438
99.25895690917969
99.99542999267578
100.0
100.0
100.0
100.0
99.98170471191406
98.59567260742188
99.9634017944336
100.0
100.0
100.0
99.99542999267578
100.0
100.0
100.0
99.99542999267578
99.97712707519531
99.98170471191406
99.54256439208984
99.26810455322266
99.98628234863281
100.0
100.0
100.0
100.0
100.0
100.0
100.0
100.0
100.0
99.99542999267578
100.0
100.0
100.0
100.0
99.05310821533203
99.74840545654297
100.0
100.0
100.0
100.0
100.0
100.0
100.0
100.0
100.0
100.0
100.0
100.0
100.0
100.0
100.0
92.79996490478516
99.90851593017578
99.97712707519531
