79.6944351196289
82.13713836669922
84.73994445800781
84.87718200683594
90.43502044677734
91.50541687011719
92.58496856689453
95.9699935913086
86.67032623291016
97.11815643310547
97.3971939086914
98.30290985107422
98.40354919433594
98.02845001220703
98.93417358398438
97.23251342773438
98.81981658935547
98.12451934814453
99.24523162841797
99.7209701538086
99.37789154052734
96.83454895019531
99.61575317382812
99.75298309326172
97.9095230102539
98.55907440185547
98.3760986328125
99.83989715576172
99.47852325439453
99.97254943847656
99.99085235595703
99.99542999267578
97.46122741699219
97.63048553466797
98.88385772705078
99.59745788574219
100.0
100.0
100.0
99.99542999267578
100.0
99.90851593017578
95.485107421875
99.67521667480469
99.92681121826172
99.97254943847656
100.0
100.0
100.0
99.99542999267578
100.0
99.98170471191406
98.45844268798828
99.0714111328125
100.0
100.0
100.0
100.0
100.0
99.99542999267578
100.0
99.70266723632812
99.38703918457031
100.0
100.0
100.0
100.0
100.0
100.0
100.0
100.0
98.38067626953125
99.83989715576172
100.0
100.0
100.0
100.0
100.0
100.0
99.99542999267578
99.99542999267578
96.7979507446289
99.67521667480469
99.99542999267578
100.0
100.0
100.0
100.0
100.0
100.0
99.97254943847656
98.20227813720703
99.9634017944336
99.99542999267578
100.0
100.0
100.0
100.0
100.0
100.0
