80.40345764160156
80.26622772216797
84.91835021972656
88.47262573242188
83.2715835571289
90.74150085449219
87.10488891601562
95.59489440917969
95.28841400146484
96.14839172363281
95.06884002685547
98.54078674316406
98.36238098144531
96.72476196289062
92.62156677246094
99.30927276611328
96.54178619384766
98.66429138183594
99.50596618652344
99.1857681274414
99.53341674804688
99.19033813476562
99.7118148803711
99.69351959228516
99.77128601074219
98.87470245361328
99.58831024169922
99.25437927246094
99.95426177978516
99.97712707519531
99.65692138671875
95.6955337524414
99.92223358154297
99.75756072998047
99.77128601074219
99.97712707519531
99.98628234863281
100.0
98.28919219970703
99.76670837402344
99.98628234863281
100.0
100.0
99.99542999267578
99.98628234863281
92.3699722290039
99.87649536132812
99.7209701538086
99.99085235595703
100.0
100.0
100.0
100.0
100.0
81.7071533203125
99.90851593017578
99.98170471191406
99.99542999267578
100.0
100.0
100.0
100.0
99.99542999267578
94.4421615600586
99.84904479980469
99.98628234863281
100.0
100.0
100.0
100.0
99.99542999267578
100.0
99.99542999267578
98.73290252685547
99.8627700805664
100.0
100.0
100.0
100.0
100.0
100.0
99.89936065673828
99.99542999267578
98.15653228759766
99.34587097167969
99.97254943847656
99.99085235595703
100.0
100.0
100.0
100.0
99.99085235595703
98.38983154296875
99.8856430053711
99.9405288696289
100.0
100.0
100.0
100.0
100.0
