81.48419952392578
85.12873077392578
90.34637451171875
94.61624908447266
94.18633270263672
97.86018371582031
98.02140045166016
98.85680389404297
98.9007797241211
98.32429504394531
99.38932037353516
99.49191284179688
99.30137634277344
97.9139175415039
99.48703002929688
99.7801513671875
99.79480743408203
99.78992462158203
99.98534393310547
99.98534393310547
99.9609146118164
99.97557067871094
96.20890045166016
98.66627502441406
99.66290283203125
99.97068786621094
99.990234375
99.99510955810547
100.0
99.99510955810547
99.98534393310547
96.35546112060547
99.1303939819336
99.96580505371094
99.990234375
100.0
99.99510955810547
100.0
100.0
94.7334976196289
99.63848114013672
99.93649291992188
100.0
100.0
100.0
100.0
100.0
100.0
100.0
99.99510955810547
99.93160247802734
99.47725677490234
99.990234375
100.0
100.0
100.0
100.0
99.99510955810547
99.99510955810547
100.0
97.26904296875
99.90718078613281
100.0
99.99510955810547
100.0
100.0
96.02813720703125
99.92183685302734
100.0
100.0
100.0
100.0
100.0
99.99510955810547
99.990234375
96.71209716796875
99.99510955810547
100.0
100.0
100.0
100.0
100.0
99.99510955810547
99.20855712890625
99.87786102294922
99.89251708984375
99.96580505371094
100.0
100.0
100.0
99.99510955810547
100.0
100.0
100.0
99.99510955810547
99.990234375
99.99510955810547
100.0
100.0
100.0
