80.67791748046875
84.44261169433594
86.51022338867188
91.19893646240234
93.05612182617188
89.54302215576172
96.65157318115234
96.69274139404297
97.83175659179688
97.72196960449219
97.40634155273438
99.15374755859375
98.50875854492188
99.6249008178711
94.52449798583984
99.10342407226562
99.56085968017578
99.64320373535156
98.91587829589844
98.27088928222656
99.6249008178711
99.30012512207031
99.57001495361328
98.23429870605469
98.9478988647461
98.57737731933594
99.95883178710938
99.98628234863281
99.99542999267578
98.76492309570312
97.25081634521484
99.70266723632812
99.98628234863281
100.0
99.99542999267578
100.0
99.99542999267578
100.0
99.9634017944336
97.22794342041016
98.00100708007812
99.98628234863281
100.0
100.0
100.0
100.0
99.99085235595703
98.79694366455078
99.93138122558594
100.0
100.0
100.0
100.0
99.99542999267578
99.20863342285156
99.95426177978516
100.0
99.99542999267578
99.99542999267578
100.0
100.0
100.0
99.99542999267578
95.85563659667969
99.73011016845703
99.99542999267578
100.0
100.0
