79.78022003173828
85.0793685913086
87.02320098876953
89.76312255859375
95.9023208618164
98.16361999511719
97.81196594238281
99.21855926513672
99.16484069824219
99.37484741210938
97.34310150146484
99.17459869384766
99.66789245605469
99.5799789428711
99.17948913574219
98.65201568603516
99.47740936279297
99.55066680908203
99.97557830810547
99.67276763916016
99.62881469726562
99.47252655029297
99.990234375
99.0818099975586
99.63858032226562
99.98046112060547
99.98046112060547
99.9951171875
99.9951171875
100.0
99.9951171875
97.73381805419922
99.52136993408203
99.990234375
99.9951171875
100.0
100.0
100.0
100.0
99.9853515625
99.990234375
99.990234375
99.25274658203125
99.57020568847656
99.990234375
100.0
100.0
100.0
100.0
100.0
99.9951171875
100.0
99.9853515625
99.79486846923828
99.70207977294922
99.94139099121094
99.990234375
100.0
100.0
100.0
100.0
99.94628143310547
100.0
100.0
99.98046112060547
99.8876724243164
100.0
100.0
100.0
100.0
99.24298095703125
99.990234375
100.0
100.0
100.0
100.0
100.0
100.0
100.0
99.9951171875
96.77167510986328
99.97069549560547
100.0
100.0
100.0
100.0
100.0
100.0
100.0
100.0
100.0
99.9951171875
99.9951171875
99.37484741210938
99.93162536621094
100.0
100.0
100.0
100.0
100.0
