76.11270904541016
80.3805923461914
82.37957763671875
84.4837875366211
86.69319915771484
86.13055419921875
91.79817962646484
92.36540222167969
96.95805358886719
95.919677734375
96.71561431884766
98.54535675048828
97.95069122314453
97.86834716796875
99.57001495361328
99.85362243652344
99.85362243652344
99.41448211669922
99.62033081054688
99.93138122558594
99.90393829345703
99.7209701538086
98.88385772705078
99.0256576538086
99.87649536132812
99.96797943115234
99.97712707519531
99.97712707519531
99.98628234863281
99.9634017944336
90.26119995117188
99.38246154785156
99.98170471191406
100.0
99.99542999267578
100.0
99.99085235595703
99.99085235595703
99.99085235595703
99.78500366210938
98.91587829589844
99.8856430053711
100.0
100.0
100.0
100.0
100.0
100.0
100.0
99.99542999267578
100.0
99.9405288696289
98.73290252685547
99.33213806152344
100.0
100.0
100.0
100.0
100.0
100.0
100.0
99.99542999267578
99.99542999267578
99.99085235595703
99.98628234863281
97.14559936523438
99.74840545654297
100.0
100.0
100.0
100.0
100.0
100.0
100.0
100.0
99.99542999267578
99.99085235595703
100.0
99.99542999267578
99.90393829345703
99.16289520263672
100.0
100.0
100.0
100.0
100.0
100.0
100.0
100.0
100.0
100.0
99.9496841430664
99.08970642089844
99.99542999267578
100.0
100.0
100.0
100.0
100.0
100.0
