80.4501724243164
82.72057342529297
86.89028930664062
88.28182220458984
92.75426483154297
80.4697036743164
97.4757080078125
95.81075286865234
97.9932632446289
97.9346694946289
93.32064056396484
98.93560028076172
99.5410385131836
99.5605697631836
99.4531478881836
98.44245910644531
99.68263244628906
99.9462890625
99.94140625
98.59870147705078
99.5703353881836
99.65333557128906
99.02348327636719
99.9609375
96.9923324584961
99.12113189697266
99.970703125
99.990234375
99.98046875
99.970703125
99.9755859375
96.26971435546875
99.71681213378906
99.9853515625
99.990234375
99.990234375
99.9755859375
99.20902252197266
99.39456176757812
100.0
100.0
100.0
100.0
100.0
99.9951171875
99.990234375
99.9853515625
84.6150131225586
98.55963897705078
99.9951171875
100.0
100.0
100.0
100.0
100.0
99.990234375
100.0
95.029541015625
99.70216369628906
99.990234375
99.98046875
100.0
100.0
100.0
100.0
100.0
100.0
100.0
100.0
99.9951171875
99.9853515625
99.5410385131836
99.9853515625
100.0
100.0
100.0
100.0
100.0
100.0
100.0
100.0
100.0
100.0
99.5263900756836
99.90235137939453
100.0
100.0
100.0
100.0
100.0
100.0
99.9951171875
100.0
100.0
100.0
100.0
100.0
99.9755859375
99.62892150878906
100.0
