79.97347259521484
81.06674194335938
86.4141616821289
75.98005676269531
91.58318328857422
87.7773208618164
85.93843078613281
92.13211059570312
96.07063293457031
97.74026489257812
96.82539367675781
90.47618865966797
92.08636474609375
96.25360107421875
97.62133026123047
98.70545959472656
97.0495376586914
99.25895690917969
99.65692138671875
99.54713439941406
99.92681121826172
96.82997131347656
95.75041961669922
97.47038269042969
99.95883178710938
99.98628234863281
99.98170471191406
99.98628234863281
95.30213165283203
98.92045593261719
99.92681121826172
100.0
99.99085235595703
100.0
97.34230041503906
99.05767822265625
99.89479064941406
99.99542999267578
100.0
100.0
99.99542999267578
99.99542999267578
99.99085235595703
97.42463684082031
99.94510650634766
99.99542999267578
100.0
100.0
99.99085235595703
99.99542999267578
99.98628234863281
99.91766357421875
99.97254943847656
99.99085235595703
99.98628234863281
99.45565032958984
99.98170471191406
99.98170471191406
100.0
99.99542999267578
100.0
100.0
100.0
99.99542999267578
96.75678253173828
99.38246154785156
99.9405288696289
100.0
100.0
100.0
100.0
100.0
100.0
98.50875854492188
99.97712707519531
100.0
100.0
100.0
100.0
100.0
99.99542999267578
100.0
100.0
100.0
99.92223358154297
97.09070587158203
99.96797943115234
100.0
100.0
100.0
100.0
100.0
100.0
100.0
100.0
100.0
99.99542999267578
99.34587097167969
100.0
100.0
100.0
100.0
100.0
99.98170471191406
100.0
100.0
99.99542999267578
99.30927276611328
99.73011016845703
100.0
100.0
100.0
100.0
100.0
100.0
99.99542999267578
100.0
99.99542999267578
99.24980163574219
99.98628234863281
100.0
100.0
100.0
100.0
100.0
100.0
100.0
100.0
100.0
98.77407836914062
99.1400146484375
99.8627700805664
99.99542999267578
100.0
100.0
100.0
100.0
100.0
99.99542999267578
99.99542999267578
99.99542999267578
99.99085235595703
100.0
100.0
100.0
100.0
98.17940521240234
99.97254943847656
99.99542999267578
100.0
100.0
100.0
100.0
100.0
100.0
96.70645904541016
99.99542999267578
100.0
100.0
100.0
100.0
100.0
100.0
100.0
100.0
99.23150634765625
99.98170471191406
100.0
100.0
100.0
100.0
100.0
100.0
100.0
99.99542999267578
100.0
100.0
99.99542999267578
97.6716537475586
99.94510650634766
100.0
100.0
100.0
100.0
100.0
100.0
100.0
99.99542999267578
100.0
100.0
100.0
99.46937561035156
99.64777374267578
100.0
100.0
100.0
100.0
100.0
100.0
100.0
