76.35515594482422
80.7099380493164
82.97425079345703
84.83143615722656
87.38849639892578
90.0919418334961
68.70682525634766
87.7773208618164
96.71561431884766
96.34051513671875
96.12551879882812
92.21444702148438
96.69731140136719
99.44650268554688
99.0256576538086
99.32299041748047
98.97991943359375
97.95983123779297
99.6614990234375
99.86734008789062
99.93138122558594
99.67979431152344
99.91766357421875
99.56085968017578
83.660400390625
98.65514373779297
99.8856430053711
99.98170471191406
100.0
99.99085235595703
99.97712707519531
99.97712707519531
92.31965637207031
99.35958862304688
99.58373260498047
100.0
99.99085235595703
99.99542999267578
100.0
99.99542999267578
100.0
99.99085235595703
99.97712707519531
99.97254943847656
99.9634017944336
99.97712707519531
99.99542999267578
99.99542999267578
100.0
99.98628234863281
98.975341796875
99.47852325439453
99.99542999267578
100.0
100.0
100.0
100.0
100.0
100.0
100.0
99.99542999267578
99.99542999267578
100.0
100.0
100.0
100.0
99.99085235595703
100.0
100.0
99.98628234863281
98.00558471679688
99.92223358154297
100.0
100.0
100.0
100.0
100.0
100.0
99.98170471191406
100.0
100.0
100.0
100.0
100.0
100.0
99.99542999267578
98.94332122802734
99.98170471191406
100.0
100.0
100.0
100.0
100.0
100.0
100.0
100.0
99.99542999267578
100.0
100.0
100.0
