82.2655029296875
85.09266662597656
85.28083801269531
85.59130096435547
90.36127471923828
93.89876556396484
95.24414825439453
86.97901916503906
95.15476989746094
98.64991760253906
98.96509552001953
97.89726257324219
98.59817504882812
96.66948699951172
95.39938354492188
99.81653594970703
99.88240051269531
98.104248046875
99.9576644897461
99.02154541015625
99.85417175292969
99.97647857666016
99.98588562011719
99.99530029296875
99.98588562011719
98.72518920898438
99.46843719482422
99.90592193603516
99.97647857666016
99.99530029296875
100.0
99.98588562011719
99.99059295654297
99.99530029296875
96.1285171508789
99.24263763427734
99.70834350585938
99.9576644897461
98.53231811523438
99.99059295654297
100.0
100.0
100.0
100.0
100.0
99.98588562011719
100.0
99.9576644897461
99.04977416992188
99.95295715332031
99.98588562011719
99.87769317626953
100.0
100.0
100.0
100.0
100.0
99.99059295654297
97.30455017089844
99.9576644897461
99.86358642578125
100.0
100.0
100.0
100.0
100.0
99.99530029296875
99.99530029296875
98.4993896484375
99.98588562011719
100.0
100.0
100.0
100.0
100.0
100.0
100.0
100.0
99.94825744628906
98.33003997802734
99.99530029296875
100.0
100.0
100.0
100.0
100.0
100.0
100.0
99.99530029296875
100.0
99.99530029296875
99.99530029296875
99.99530029296875
100.0
100.0
99.99530029296875
100.0
100.0
97.70439147949219
99.92472839355469
