100.0
100.0
99.99542999267578
100.0
100.0
99.93595886230469
95.6955337524414
99.30470275878906
99.34587097167969
99.99542999267578
100.0
100.0
100.0
100.0
100.0
100.0
99.99542999267578
99.99542999267578
99.99542999267578
100.0
100.0
99.99542999267578
100.0
98.78321838378906
98.45386505126953
100.0
100.0
100.0
100.0
100.0
100.0
100.0
100.0
100.0
100.0
100.0
97.9872817993164
99.79415893554688
99.98628234863281
100.0
100.0
100.0
100.0
100.0
100.0
100.0
100.0
99.99542999267578
100.0
99.99542999267578
99.98628234863281
99.99542999267578
99.22693634033203
99.81245422363281
100.0
100.0
100.0
100.0
100.0
100.0
100.0
100.0
92.36540222167969
99.96797943115234
99.7392578125
100.0
100.0
100.0
100.0
100.0
100.0
100.0
99.83074951171875
100.0
100.0
100.0
100.0
100.0
100.0
100.0
100.0
100.0
100.0
99.99085235595703
99.97254943847656
93.38548278808594
99.93138122558594
100.0
100.0
100.0
100.0
100.0
100.0
100.0
100.0
100.0
100.0
100.0
99.9405288696289
97.77686309814453
