80.13059997558594
83.9439697265625
88.74931335449219
83.16634368896484
94.8556900024414
96.62030792236328
98.50456237792969
98.66905975341797
98.08085632324219
97.83659362792969
98.60425567626953
99.54139709472656
99.67598724365234
98.6740493774414
98.17057800292969
99.51647186279297
99.90030670166016
99.69593048095703
99.96012115478516
99.95513916015625
97.86650848388672
99.78067016601562
99.95513916015625
99.98006439208984
99.95014953613281
99.99002838134766
99.9651107788086
99.93519592285156
97.82662963867188
99.89531707763672
99.74079132080078
99.99002838134766
100.0
100.0
100.0
100.0
99.98504638671875
99.9950180053711
98.91331481933594
99.9750747680664
100.0
100.0
100.0
100.0
99.9950180053711
99.99002838134766
99.98504638671875
99.68096923828125
99.98504638671875
100.0
100.0
100.0
100.0
100.0
100.0
99.9950180053711
99.1824951171875
99.94017791748047
99.9950180053711
100.0
100.0
100.0
100.0
100.0
100.0
98.4796371459961
99.6909408569336
100.0
100.0
100.0
100.0
100.0
100.0
100.0
99.9950180053711
100.0
100.0
100.0
100.0
100.0
100.0
100.0
100.0
100.0
99.9950180053711
98.95319366455078
99.90528869628906
100.0
100.0
100.0
100.0
100.0
100.0
100.0
100.0
100.0
100.0
100.0
100.0
100.0
