81.00727081298828
83.9119873046875
80.87919616699219
84.93206787109375
93.10186767578125
85.40322875976562
93.5318603515625
95.71382904052734
94.044189453125
96.09349822998047
97.12730407714844
98.3257827758789
98.29376220703125
98.78779602050781
99.4007568359375
99.58373260498047
98.87013244628906
98.81981658935547
99.71639251708984
99.93595886230469
99.12629699707031
99.53341674804688
97.3880386352539
99.89479064941406
99.65235137939453
99.98170471191406
99.9634017944336
99.98628234863281
99.97712707519531
99.04853057861328
99.80330657958984
99.85362243652344
100.0
100.0
99.99085235595703
99.97254943847656
99.99542999267578
96.49147033691406
99.90851593017578
99.99085235595703
99.99542999267578
99.99542999267578
99.99542999267578
99.99542999267578
93.93440246582031
99.25437927246094
99.9634017944336
100.0
99.99542999267578
100.0
100.0
100.0
100.0
95.5445785522461
99.77128601074219
99.99542999267578
100.0
100.0
100.0
99.99542999267578
100.0
100.0
99.97254943847656
99.55628204345703
99.64320373535156
100.0
99.99542999267578
99.99542999267578
100.0
100.0
99.99542999267578
100.0
99.99542999267578
99.93595886230469
96.69731140136719
99.12629699707031
99.99085235595703
100.0
100.0
100.0
