78.4319076538086
81.13993072509766
84.73079681396484
87.08659362792969
87.99231719970703
89.89067077636719
89.7534408569336
94.46502685546875
95.32500457763672
94.84012603759766
95.77330017089844
96.5463638305664
96.16668701171875
96.03861236572266
96.14381408691406
97.99642944335938
99.15831756591797
95.31128692626953
98.8472671508789
95.80074310302734
98.19770812988281
98.19313049316406
99.062255859375
98.80609130859375
99.5151138305664
99.10342407226562
99.82159423828125
99.4876708984375
99.54256439208984
99.75756072998047
99.826171875
99.9405288696289
95.25639343261719
99.46937561035156
99.87649536132812
99.9496841430664
99.81245422363281
99.83989715576172
96.5692367553711
99.7392578125
99.98170471191406
99.99542999267578
99.99542999267578
99.99542999267578
99.98170471191406
92.24188995361328
99.64777374267578
99.7987289428711
99.99542999267578
100.0
99.89021301269531
99.99085235595703
98.36695098876953
99.62947845458984
99.99085235595703
99.99542999267578
99.99542999267578
99.99542999267578
100.0
99.56543731689453
98.77407836914062
99.95883178710938
99.99085235595703
100.0
100.0
99.99542999267578
99.99542999267578
99.97254943847656
98.76034545898438
99.97712707519531
100.0
100.0
100.0
99.99542999267578
99.99542999267578
99.98628234863281
99.5745849609375
99.96797943115234
100.0
100.0
99.99542999267578
100.0
99.99542999267578
99.99085235595703
99.24523162841797
99.9130859375
100.0
100.0
100.0
100.0
99.99542999267578
98.3257827758789
99.0119400024414
99.97712707519531
100.0
100.0
100.0
100.0
100.0
100.0
99.99542999267578
99.99542999267578
98.99364471435547
99.99085235595703
99.99085235595703
100.0
100.0
100.0
100.0
100.0
99.9496841430664
99.46479797363281
99.1766128540039
100.0
100.0
100.0
100.0
100.0
100.0
100.0
99.52884674072266
99.8856430053711
99.97254943847656
99.98628234863281
99.96797943115234
100.0
100.0
100.0
100.0
99.90851593017578
98.48588562011719
99.97254943847656
99.66606903076172
99.93595886230469
100.0
100.0
100.0
100.0
99.99085235595703
100.0
99.99542999267578
99.98628234863281
100.0
100.0
99.98170471191406
99.78500366210938
99.97712707519531
100.0
100.0
100.0
100.0
100.0
100.0
99.99542999267578
99.58831024169922
99.98170471191406
100.0
100.0
100.0
100.0
100.0
100.0
100.0
100.0
99.98628234863281
89.09931182861328
99.53799438476562
99.99542999267578
100.0
100.0
100.0
100.0
100.0
100.0
100.0
99.99542999267578
99.62033081054688
99.94510650634766
99.9405288696289
100.0
100.0
100.0
100.0
100.0
100.0
100.0
99.96797943115234
100.0
100.0
100.0
100.0
99.00279235839844
99.98170471191406
100.0
100.0
100.0
100.0
100.0
100.0
100.0
