81.46154022216797
84.24305725097656
87.77229309082031
90.19989013671875
93.6094970703125
94.546630859375
96.3112564086914
96.28134155273438
92.45800018310547
99.26225280761719
94.07806396484375
99.2074203491211
99.6361083984375
99.27222442626953
99.40680694580078
98.61422729492188
99.76072692871094
99.74079132080078
99.0927734375
99.19246673583984
99.9700927734375
99.98006439208984
99.9700927734375
99.95513916015625
99.95014953613281
98.92328643798828
99.74079132080078
99.98504638671875
99.99002838134766
99.99002838134766
99.9700927734375
99.99002838134766
99.96012115478516
97.70201110839844
99.38687133789062
99.98504638671875
99.9950180053711
100.0
99.9950180053711
99.99002838134766
99.99002838134766
99.99002838134766
99.9950180053711
99.84048461914062
99.85543823242188
100.0
100.0
100.0
100.0
99.67100524902344
100.0
100.0
100.0
100.0
99.9950180053711
99.9950180053711
100.0
99.85045623779297
100.0
100.0
100.0
100.0
100.0
100.0
100.0
100.0
100.0
96.4857177734375
99.98504638671875
99.86042022705078
100.0
99.9950180053711
99.9950180053711
100.0
100.0
100.0
100.0
100.0
100.0
100.0
99.9950180053711
100.0
100.0
100.0
100.0
100.0
98.71392059326172
99.87039184570312
100.0
100.0
100.0
100.0
99.9950180053711
100.0
100.0
100.0
100.0
100.0
100.0
100.0
