74.90508270263672
79.31018829345703
82.53510284423828
83.38136291503906
86.19917297363281
88.57782745361328
89.51557159423828
90.22460174560547
87.32445526123047
90.95649719238281
97.73568725585938
98.71460723876953
93.81546783447266
96.29019165039062
99.35501861572266
99.44650268554688
98.98906707763672
98.78321838378906
99.86734008789062
99.09427642822266
99.9130859375
92.99666595458984
99.65235137939453
99.90393829345703
99.92223358154297
99.80330657958984
99.98170471191406
99.94510650634766
99.89936065673828
99.97254943847656
99.9405288696289
95.50798034667969
99.34587097167969
99.97712707519531
99.99542999267578
99.99542999267578
100.0
100.0
99.99085235595703
99.98170471191406
99.99542999267578
99.99542999267578
99.99542999267578
99.99542999267578
98.75577545166016
99.9496841430664
99.99085235595703
100.0
100.0
100.0
100.0
100.0
100.0
99.99542999267578
100.0
100.0
99.99542999267578
99.98628234863281
100.0
100.0
99.99542999267578
99.97712707519531
99.99542999267578
99.99542999267578
100.0
99.99085235595703
99.98170471191406
99.98628234863281
99.99542999267578
100.0
100.0
100.0
100.0
100.0
100.0
99.96797943115234
100.0
100.0
98.85641479492188
99.14459228515625
100.0
100.0
100.0
100.0
100.0
100.0
100.0
100.0
100.0
100.0
100.0
100.0
100.0
100.0
100.0
100.0
100.0
100.0
98.73748016357422
99.89479064941406
