80.45375061035156
84.35302734375
89.65345001220703
89.96759033203125
92.19645690917969
96.72400665283203
94.46023559570312
97.67140197753906
99.39665985107422
98.8481674194336
94.84417724609375
99.49140167236328
99.83545684814453
99.86537170410156
99.0775375366211
99.56619262695312
99.88531494140625
98.2049331665039
99.79556274414062
99.75567626953125
99.8753433227539
99.98005676269531
99.98503875732422
99.98503875732422
99.95512390136719
99.97008514404297
97.37721252441406
99.75068664550781
99.99501037597656
99.98503875732422
99.99501037597656
99.99501037597656
100.0
99.99501037597656
99.99002838134766
99.94515228271484
99.65096282958984
99.97506713867188
99.99501037597656
99.99501037597656
99.98005676269531
100.0
100.0
100.0
100.0
99.99501037597656
99.99501037597656
99.92021942138672
99.99501037597656
99.99002838134766
99.99501037597656
99.99501037597656
99.541259765625
99.57118225097656
100.0
100.0
100.0
100.0
100.0
100.0
100.0
100.0
100.0
100.0
100.0
99.99501037597656
100.0
99.98005676269531
99.43655395507812
99.96011352539062
100.0
100.0
100.0
100.0
100.0
100.0
100.0
100.0
100.0
100.0
100.0
100.0
100.0
99.99501037597656
98.27474212646484
99.96011352539062
100.0
100.0
100.0
100.0
100.0
100.0
100.0
100.0
99.99501037597656
100.0
100.0
98.53402709960938
99.98005676269531
100.0
