81.29267883300781
85.04029846191406
87.36588287353516
89.9122085571289
92.08891296386719
95.83140563964844
97.63334655761719
97.87976837158203
97.6692886352539
98.34180450439453
98.36746978759766
98.90138244628906
99.1529312133789
98.43421173095703
99.72791290283203
98.14158630371094
99.57389831542969
99.58930206298828
99.86138916015625
99.68684387207031
99.84598541259766
99.88705444335938
99.93839263916016
99.93839263916016
96.72981262207031
99.52770233154297
99.88191986083984
99.99486541748047
99.99486541748047
99.99486541748047
100.0
99.93839263916016
98.79357147216797
99.88705444335938
100.0
99.99486541748047
99.99486541748047
99.98973083496094
99.9794692993164
99.99486541748047
97.6692886352539
99.88191986083984
99.9845962524414
100.0
100.0
100.0
100.0
99.98973083496094
99.33261108398438
99.93325805664062
99.98973083496094
100.0
100.0
100.0
99.98973083496094
99.9845962524414
99.7227783203125
99.30181884765625
100.0
100.0
99.9845962524414
100.0
100.0
100.0
100.0
99.99486541748047
100.0
99.9794692993164
98.39314270019531
99.86138916015625
100.0
100.0
100.0
100.0
100.0
99.99486541748047
99.93839263916016
99.95379638671875
99.87679290771484
99.99486541748047
100.0
100.0
100.0
100.0
99.99486541748047
100.0
100.0
100.0
99.99486541748047
99.4301528930664
100.0
100.0
100.0
100.0
100.0
99.98973083496094
99.99486541748047
100.0
99.99486541748047
99.99486541748047
