81.0086898803711
82.44763946533203
87.16341400146484
89.78012084960938
92.0833969116211
92.20211791992188
88.70209503173828
97.7774658203125
94.7000961303711
94.4151611328125
98.75100708007812
99.18317413330078
98.95521545410156
99.2069091796875
98.24286651611328
99.53934478759766
99.51084899902344
99.71031188964844
99.87178039550781
99.38262939453125
99.52510070800781
99.89551544189453
99.62483215332031
98.89822387695312
99.97150421142578
99.23541259765625
99.94776153564453
99.96675872802734
99.97625732421875
99.96675872802734
99.4063720703125
99.96675872802734
99.81004333496094
99.99524688720703
99.9905014038086
99.98575592041016
99.98100280761719
97.55900573730469
99.8432846069336
99.96200561523438
100.0
99.99524688720703
100.0
99.98575592041016
99.99524688720703
98.50405883789062
99.7435531616211
99.96675872802734
100.0
100.0
100.0
100.0
94.21095275878906
99.94300842285156
100.0
99.9905014038086
100.0
100.0
99.95726013183594
99.99524688720703
100.0
99.98575592041016
99.6058349609375
99.852783203125
100.0
100.0
100.0
99.99524688720703
100.0
99.81953430175781
99.77680206298828
99.0027084350586
99.99524688720703
100.0
100.0
100.0
100.0
99.98575592041016
99.79579162597656
99.92401885986328
99.99524688720703
99.99524688720703
99.99524688720703
100.0
100.0
99.99524688720703
99.85752868652344
99.96675872802734
99.81004333496094
99.99524688720703
100.0
99.99524688720703
100.0
100.0
100.0
99.9905014038086
97.92942810058594
99.98575592041016
100.0
100.0
