79.85453796386719
84.85887908935547
86.64745330810547
88.6510238647461
89.16792297363281
93.4449462890625
96.13924407958984
95.61318969726562
95.83733367919922
97.72196960449219
97.66708374023438
98.33036041259766
98.71917724609375
98.94332122802734
99.00736236572266
99.33671569824219
97.91866302490234
99.44192504882812
99.0119400024414
99.10800170898438
98.97077178955078
98.91130065917969
98.94332122802734
99.90851593017578
99.9496841430664
99.97254943847656
98.9478988647461
97.84090423583984
99.59745788574219
99.9634017944336
99.91766357421875
99.9634017944336
98.66429138183594
99.4602279663086
99.69351959228516
99.96797943115234
99.99542999267578
99.98628234863281
99.9634017944336
99.97254943847656
98.38067626953125
99.7758560180664
99.99085235595703
100.0
99.99542999267578
99.99085235595703
99.98628234863281
96.45030212402344
99.7209701538086
99.83989715576172
99.92681121826172
100.0
100.0
100.0
99.98628234863281
99.99542999267578
97.47496032714844
99.67521667480469
99.98170471191406
100.0
100.0
100.0
99.99542999267578
99.97712707519531
99.43277740478516
99.99085235595703
99.99542999267578
99.99542999267578
99.99542999267578
100.0
100.0
100.0
98.64598846435547
99.90393829345703
100.0
100.0
100.0
100.0
100.0
100.0
