95.09172058105469
97.9872817993164
98.69173431396484
99.33671569824219
99.55628204345703
99.71639251708984
99.59745788574219
98.8975830078125
99.6614990234375
99.96797943115234
95.58574676513672
97.84547424316406
98.75577545166016
99.34129333496094
99.60660552978516
99.8856430053711
99.93595886230469
99.9405288696289
99.97712707519531
99.75756072998047
99.85819244384766
100.0
100.0
100.0
100.0
100.0
100.0
99.97712707519531
98.50418853759766
99.22235870361328
99.99085235595703
100.0
100.0
100.0
100.0
100.0
100.0
99.99542999267578
99.98170471191406
96.12551879882812
99.98628234863281
99.99542999267578
100.0
100.0
100.0
100.0
100.0
100.0
99.99542999267578
98.70088195800781
99.95426177978516
99.99542999267578
100.0
100.0
100.0
100.0
100.0
100.0
100.0
100.0
100.0
98.59567260742188
99.9634017944336
99.98628234863281
99.99542999267578
100.0
100.0
100.0
100.0
100.0
100.0
99.99542999267578
100.0
100.0
99.99542999267578
99.99542999267578
99.9405288696289
99.6889419555664
100.0
100.0
100.0
100.0
100.0
100.0
100.0
100.0
100.0
100.0
100.0
99.9130859375
100.0
100.0
100.0
100.0
100.0
100.0
100.0
100.0
100.0
100.0
