78.98540496826172
83.18466186523438
83.33561706542969
90.48534393310547
93.16590881347656
93.10186767578125
94.6068344116211
96.18041229248047
97.8363265991211
97.27825164794922
99.29096984863281
98.45844268798828
99.01651000976562
96.49604797363281
99.50139617919922
99.24523162841797
99.09427642822266
99.70266723632812
99.67979431152344
99.6614990234375
99.35958862304688
99.84904479980469
99.89936065673828
99.76670837402344
99.6249008178711
96.6241226196289
99.80330657958984
99.98170471191406
99.96797943115234
99.9405288696289
99.26353454589844
98.98906707763672
99.55171203613281
99.94510650634766
99.96797943115234
99.89936065673828
99.99542999267578
100.0
99.92681121826172
97.94611358642578
99.96797943115234
99.99085235595703
100.0
100.0
100.0
100.0
97.10443115234375
99.65235137939453
99.95883178710938
100.0
100.0
99.99542999267578
100.0
100.0
99.98628234863281
100.0
98.76034545898438
99.38246154785156
99.9634017944336
100.0
100.0
99.95426177978516
99.99542999267578
100.0
100.0
100.0
100.0
100.0
99.90851593017578
99.42362976074219
99.99085235595703
100.0
100.0
100.0
100.0
99.99542999267578
99.98628234863281
99.17204284667969
100.0
100.0
100.0
100.0
100.0
100.0
100.0
100.0
100.0
100.0
99.99542999267578
100.0
100.0
99.53341674804688
99.98628234863281
99.99542999267578
100.0
100.0
100.0
100.0
100.0
99.99542999267578

