79.8543930053711
84.52555847167969
87.07612609863281
91.71308135986328
90.84335327148438
96.58946228027344
93.28642272949219
97.92338562011719
98.39734649658203
99.26707458496094
97.80123138427734
99.50650024414062
99.58467102050781
99.43809509277344
99.84364318847656
99.4283218383789
99.4283218383789
99.89739227294922
99.94625091552734
99.97557067871094
99.95113372802734
97.98201751708984
99.58467102050781
99.91204833984375
99.99022674560547
99.99022674560547
100.0
100.0
99.99022674560547
99.97557067871094
99.40877532958984
99.87784576416016
100.0
99.99510955810547
99.99510955810547
100.0
100.0
99.95602416992188
97.83543395996094
99.83876037597656
99.99510955810547
99.99510955810547
100.0
99.99510955810547
99.99510955810547
99.99510955810547
99.97557067871094
99.09117889404297
99.79478454589844
99.99510955810547
100.0
100.0
100.0
100.0
100.0
100.0
99.9609146118164
99.99510955810547
99.99510955810547
99.99022674560547
98.20677947998047
100.0
100.0
100.0
100.0
100.0
100.0
100.0
100.0
99.93647766113281
99.99510955810547
100.0
100.0
100.0
100.0
99.99510955810547
99.01299285888672
99.99022674560547
100.0
100.0
100.0
100.0
100.0
100.0
100.0
100.0
99.70682525634766
99.8534164428711
99.98534393310547
100.0
100.0
100.0
99.99510955810547
100.0
100.0
99.93159484863281
100.0
100.0
98.51950073242188
99.99510955810547
