81.76730346679688
83.80057525634766
87.06099700927734
87.31259155273438
90.92215728759766
81.21277618408203
96.88334655761719
87.6668701171875
98.30047607421875
97.92051696777344
96.43663787841797
98.7420425415039
97.21708679199219
97.97699737548828
95.45081329345703
99.5687026977539
99.29143524169922
97.15033721923828
99.39412689208984
97.7818832397461
99.3530502319336
99.89730834960938
98.93202209472656
99.72274017333984
99.44033813476562
98.04374694824219
99.835693359375
99.6508560180664
99.97432708740234
98.65475463867188
98.58287048339844
99.97432708740234
99.87163543701172
100.0
99.9845962524414
99.97432708740234
99.96405792236328
96.69336700439453
99.9332504272461
99.99486541748047
99.99486541748047
100.0
100.0
100.0
98.66502380371094
99.9332504272461
99.99486541748047
100.0
100.0
100.0
99.97946166992188
99.9845962524414
98.8601303100586
99.96919250488281
100.0
100.0
100.0
100.0
99.9845962524414
99.98973083496094
99.97946166992188
98.99876403808594
99.77921295166016
99.99486541748047
99.99486541748047
100.0
100.0
100.0
100.0
99.97946166992188
99.77921295166016
100.0
100.0
100.0
100.0
100.0
100.0
99.9845962524414
99.7330093383789
100.0
99.9845962524414
100.0
100.0
100.0
99.98973083496094
100.0
100.0
98.78824615478516
99.99486541748047
100.0
100.0
100.0
99.99486541748047
100.0
99.9845962524414
99.76380920410156
99.9332504272461
99.99486541748047
99.86650085449219
100.0
81.2076416015625
83.19983673095703
86.32162475585938
85.77223205566406
92.24173736572266
87.086669921875
96.31340789794922
96.9192886352539
93.63318634033203
97.514892578125
91.31752014160156
97.11953735351562
98.13102722167969
99.23495483398438
99.1836166381836
98.22345733642578
99.0911865234375
99.79461669921875
99.16820526123047
99.85623168945312
99.1836166381836
99.08605194091797
99.59950256347656
99.92298126220703
99.97946166992188
99.95892333984375
99.96919250488281
93.58184051513672
98.58287048339844
99.92811584472656
99.96919250488281
100.0
99.98973083496094
99.98973083496094
97.5354232788086
99.74840545654297
99.93838500976562
99.99486541748047
100.0
100.0
100.0
99.98973083496094
98.95769500732422
99.96405792236328
100.0
100.0
100.0
100.0
100.0
99.99486541748047
99.42493438720703
99.89730834960938
99.97432708740234
100.0
100.0
100.0
100.0
99.98973083496094
99.62004089355469
99.61491394042969
99.9845962524414
100.0
100.0
100.0
100.0
100.0
99.41466522216797
99.94351959228516
100.0
100.0
100.0
100.0
100.0
100.0
99.9845962524414
99.9024429321289
99.99486541748047
100.0
100.0
100.0
100.0
100.0
100.0
100.0
90.10063171386719
99.74840545654297
100.0
100.0
100.0
100.0
100.0
100.0
100.0
100.0
100.0
100.0
99.01416778564453
98.97309875488281
99.99486541748047
100.0
